"","Time","Mg25","Ca43","Ca44","Cr52","Cr53","Mn55","Fe57","Co59","Ni60","Ni62","Cu63","Cu65","Zn66","Zn68","Sr86","Sr88","Sn118","Sn119","Sn120","Ba137","Ba138","Ce140","Pb206","Pb208"
"1",33.455,0.229028408278072,1,29.4214656190882,0.0996529581356689,NA,0.0652983206489369,0.0772262809879047,NA,NA,NA,0.0185515388314832,0.00950665387805047,0.211150061869116,0.144579214851199,0.283209789022969,2.43925971656103,0.0180812309655847,0.0117816670992172,0.0231113804431988,0.0281625521848168,0.176342635269395,NA,0.0755197444291984,0.14480963322427
"2",33.738,0.138156473304315,1,29.8578446304835,0.143053723988101,NA,0.0609167736318688,0.0978193256133235,NA,0.00652477750836336,NA,0.0245844272560218,0.00839157534383133,0.167242732007983,0.119088302831246,0.323633342009755,2.39224655471332,0.0163357106737,0.00529463664589559,0.028132425940991,0.0242564180000305,0.123525670633363,0.0694819045659359,0.0554738317644375,0.0950220361080816
"3",34.021,0.0729766781455257,1,22.3014804362682,0.145064058876124,NA,0.0670252150838107,0.167214222435854,NA,0.0087663572032408,NA,0.0260203993883853,0.0101225514127246,0.1559874998029,0.100786026367088,0.217818913334051,2.70946651944598,0.0202893437779789,0.00778426086836175,0.0125433279275454,0.0178674711867866,0.138466114979744,0.0272357473000958,0.0525315315943481,0.0913774047547548
"4",34.3041,0.105459684838918,1,22.3982389477954,0.166046199887096,NA,0.0603417018960075,0.105573423310737,NA,0.0177409245308021,NA,0.0374304132017232,0.01479076029292,0.174785413014007,0.133828937381803,0.268567644495293,2.0747967827272,0.0167322371343506,0.0108672659179189,0.0293817199297298,0.019205743366175,0.105392361361352,NA,0.0823016786131596,0.10145155350403
"5",34.5871,0.163269644917746,1,26.9737028024575,0.232485485714745,NA,0.0782986790780729,0.171928454982453,NA,0.0249071117900806,0.00396600871814999,0.0406081584112367,0.0314015373013988,0.189316450008598,0.113625204540537,0.263112835138823,2.34903194578327,0.0111721323736303,0.00668078864015787,0.0348749855104479,0.0213191539234248,0.122001871929015,NA,0.0736422043946903,0.11740609836629
"6",34.8701,0.16497335329973,1,24.8426413227843,0.246027037933477,NA,0.069722193984539,0.118082288756248,NA,0.0370153905206039,NA,0.0463335732184563,0.0327480361765002,0.323643623016181,0.109724246501968,0.265952640687915,2.12844513348098,0.0182409501952767,0.00696726106035883,0.0208478269747503,0.0129894585993216,0.0877023909698467,NA,0.0625915005865227,0.087096556666146
"7",35.1531,0.309929182055354,1,22.6860582346423,0.226948552143927,NA,0.115477077246053,0.0820733074989501,NA,0.0593640509745586,0.00895994196319681,0.0597494146462843,0.0226650608748238,0.215861536140145,0.172064179749541,0.31433750467382,2.5707446375839,0.00884181647083309,0.00918201068299547,0.0250683132700898,0.0364075566937721,0.166614769560784,NA,0.108924110111743,0.143763612656834
"8",35.4361,0.379346494327911,1,30.7865250045046,0.303237908295574,NA,0.0460429762504913,0.120563570632385,NA,0.03562080448902,NA,0.0628009011286905,0.022963247758627,0.245651000934113,0.187924907659109,0.284369887085038,2.14870013740979,0.0191390774791144,0.00878498439347151,0.0314852301011832,0.0339988784034673,0.195451994746046,NA,0.098039537496321,0.126143197976003
"9",35.7192,0.217234587454071,1,27.0242324344688,0.263436484206344,0.0108916348138601,0.0808877544004024,0.111191919471602,0.0183219109477372,0.0270544180736457,NA,0.0434670093028536,0.0261567998444379,0.212748763016658,0.126528239086327,0.251883643358765,2.29992565943237,0.0240745901855161,0.00915452122124761,0.0346409791678625,0.0199781576323063,0.151057571151263,NA,0.0828827858226256,0.115694336590114
"10",36.0022,0.162629975993086,1,18.776283705667,0.250606056739283,NA,0.0518748306166561,0.161595912378628,NA,0.0148334964798133,0.00561947535193172,0.0465298400138849,0.0151331018657972,0.146678571013506,0.11154098565584,0.252098413752951,1.77732640617502,0.0157578335521609,0.0164791075161468,0.0210050900423751,0.017740108921162,0.11783635921965,NA,0.0558794495603714,0.10055322731133
"11",36.2852,0.306606204870248,1,18.3602737831347,0.169807821552068,NA,0.0547016181526802,0.0856586753054835,NA,0.0252638118712002,0.00592569443149312,0.0473290224865055,0.0188618807394582,0.114362925311956,0.10328061028799,0.223522668927229,1.50738557577935,0.0101550061399897,NA,0.0277205456193488,0.0247497720518525,0.141139511258122,NA,0.0560106722065321,0.0820723357677004
"12",36.5682,0.14447386636747,1,18.7423454089505,0.201998858477926,NA,0.0602875923816683,0.101905225696008,NA,0.0307945377952348,0.00573418878444794,0.058571574926384,0.0361119367867181,0.144972622850049,0.102713190394778,0.183152613193268,1.77507828516022,0.0180001589704838,NA,0.0269229583135651,0.0148266341928284,0.15167584483523,NA,0.0723980939328639,0.102104262438952
"13",36.8513,0.172619043189756,1,28.9889475150088,0.227096499158955,0.0154026024012753,0.0792624856540126,0.165391899171214,0.010545347447007,0.0487882513205603,NA,0.082466445602378,0.0434494614607499,0.180517209764887,0.175988270911377,0.343993584522185,2.44844012052417,0.0223506996616007,NA,0.0314398487907327,0.0305081126079528,0.234734447126064,NA,0.108207663584937,0.167203277264509
"14",37.1343,0.328341873748452,1,28.7940326556452,0.252388355127716,NA,0.0979963456051197,0.184926802985922,NA,0.115503646170065,NA,0.0675594910040508,0.0459664783145151,0.158730899512717,0.109309016636833,0.335637179928993,2.55913904922251,0.0327658869964805,0.0109557143427792,0.0491280468688484,0.0423998476354811,0.21565027385359,NA,0.107215799057599,0.139400357576314
"15",37.4173,0.417320554697742,1,31.3705096802115,0.279758764186617,NA,0.10644824312773,0.301520920341965,NA,0.0573251504609333,0.00526363056353559,0.0817827318748538,0.0346080420827367,0.280695308329804,0.141032309781771,0.353228773586612,2.64041407383604,0.0399874422474395,0.0157439286397283,0.0555825651961686,0.0390788006549045,0.222515422904334,NA,0.0966732462341591,0.188813530927991
"16",37.7003,0.466673860173251,1,28.22187251705,0.2765537041873,NA,0.118448625083375,0.299546375348739,0.00552627838423767,0.0350589333072865,0.00627983656666116,0.062980199835801,0.0489514731883177,0.189644704517971,0.153852160801993,0.33411792048958,2.63217123130492,0.0202537512111321,0.0200324576994507,0.0318482574986485,0.0358965108209709,0.239790446976083,0.00902041402678858,0.0913579968166621,0.106712142197865
"17",37.9834,0.233801197876688,1,19.4867958001578,0.160355675268791,NA,0.111947390553552,0.22429716078532,NA,0.0427260043442859,0.00320821814719393,0.0444384416342047,0.019370691469789,0.0911806242519672,0.0876614137475369,0.277524544995411,2.72876985338182,0.012232090712287,NA,0.00767262290970792,0.0393572305765991,0.215801902632337,NA,0.0498467553046135,0.0919266255072877
"18",38.2664,0.355135788930885,1,27.1457918815415,0.195774951093415,0.790024628448743,0.0491559789516642,0.106270509356222,NA,0.0460614197702408,0.00494303869297956,0.0279176716364527,0.0171677348982452,0.118511075112461,0.102758379792123,0.321264845686634,2.7030436393117,0.0159423059584234,0.00492244452734445,0.0204874693536006,0.0288994082735856,0.225893081289875,NA,0.043954256199663,0.0892504048518835
"19",38.5494,0.201485789082427,1,25.9879926368852,0.170646340138311,NA,0.0309644721772558,0.111092342423952,NA,0.0248127314851005,NA,0.0349028054439336,0.016234954726858,0.101440240784542,0.0593759433883174,0.38374970715244,3.24044173849013,0.00521877682116643,0.00617805107276835,0.0111999121375306,0.0381599022586259,0.235238503858534,NA,0.0466089619614002,0.0758380743712439
"20",38.8324,0.0842373313286294,1,27.0508580785078,0.11620644457289,NA,0.0495429690932175,0.0846861306703658,NA,0.0197123219477902,NA,0.0169201149946656,0.00656231636090514,0.069568983798198,0.0485310277503529,0.362473977092481,3.00045732133587,NA,0.00464677386656326,0.0164570662177965,0.0278891208892692,0.197938983466347,NA,0.0342365792101303,0.0544964099401063
"21",39.1154,0.0747578648082544,1,24.0118069063477,0.106113629745245,NA,0.028297181318647,0.0633301689855305,NA,0.0113066144045964,NA,0.0173240366920999,0.00826044056831609,0.0543178778790317,0.0537211314983686,0.303992881118007,2.45069377693201,0.00417488991723847,NA,NA,0.0261546667205179,0.15953864358812,0.00430132102414161,0.0230601488316031,0.0289229186389247
"22",39.3985,0.0702527109496035,1,25.2670906480989,0.0647711985706843,NA,0.0188283870385242,0.0381558793758599,NA,0.00514429073313729,NA,0.0139382050252107,0.0119057520088169,0.0778069106880254,0.0307107328694987,0.350820006041261,2.99363738362927,NA,NA,0.00761967134762392,0.0219721295620092,0.144149347429025,NA,0.0178794744409583,0.0295765233061238
"23",39.6815,0.0685544806526405,1,28.3074665734823,0.0771718508963587,NA,0.011160349394999,0.0341131283564185,NA,NA,NA,0.00895814850283503,NA,0.041571130170716,0.029251397691887,0.361650407812064,3.26440699349912,NA,NA,0.00499566390039899,0.0214052171644834,0.142301230974953,NA,0.0180648361314928,0.0267124790244675
"24",39.9645,0.0355200357986555,1,25.9507858254016,0.0464997599483356,NA,0.0121883993654483,0.0206118160753778,NA,0.0111108653510027,NA,0.0140038881673651,0.00440739328305,0.031128564456088,0.0221327681033244,0.351057378592537,2.97565397723194,NA,NA,0.00379221622772105,0.0179140282666583,0.129942620181421,NA,0.0110336781621245,0.0295246570575499
"25",40.2475,0.0367050633331208,1,25.3269497490858,0.0452244008842294,NA,0.020405203041197,0.0189210329218802,NA,0.00321296545366124,NA,0.00858040880540403,NA,0.0282879093265194,0.0219676693389633,0.378886186515918,2.66412644886834,0.00427007253477589,0.00374353529855873,0.00332709951407049,0.0146417963083691,0.0914686566450197,NA,0.00773738163145351,0.0131238188320837
"26",40.5306,0.0350107952390078,1,27.221907670397,0.0348608755513219,NA,0.00934705094479694,0.0248902760320068,NA,NA,0.00193231682482094,0.00629180692918076,0.00492148787883619,0.0171250368372221,0.0154063907826194,0.352853021841627,3.03495891183048,0.00274960072482376,NA,0.00291517005138249,0.0114668225865546,0.154138830160514,NA,0.00855196084987871,0.0146481677877155
"27",40.8136,0.0224100218868619,1,27.2249193050734,0.0350725324614695,NA,NA,0.0162060742176523,NA,NA,0.00209410423017983,0.00312324751409657,NA,0.0179069011140077,0.0137463823649466,0.350138545671849,6.88004879023744,NA,NA,0.00260106619068452,0.0163330615543806,0.0907219669099238,NA,0.00519279165113519,0.00947093554486779
"28",41.0966,0.023061262206069,1,28.3977085785395,NA,NA,0.012121968479859,0.026072424564746,NA,NA,NA,0.00730587956742103,NA,0.015785795926489,0.0174773129601059,0.377373558780597,7.03230324812178,NA,0.0029168713700024,0.0029945531220886,0.0128557979052043,0.10125768825637,NA,0.00451582107116633,0.00556914184610875
"29",41.3797,0.017576573087273,1,25.72171347642,0.0317919902911737,NA,0.00603980233639233,0.0244949856132049,NA,NA,NA,0.00217765524395944,0.00241424055405789,0.0101744199786102,0.0136257223990021,0.356853497761354,6.69064114229153,NA,NA,NA,0.00926002932035313,0.0724096634229361,NA,0.00221551550264986,0.00761573087717582
"30",41.6627,0.0129480658011396,1,26.0210698496282,0.022320828960876,NA,0.00671010283622568,0.0210482714687528,NA,NA,NA,0.00207575717198226,NA,0.0133898365350706,0.0115871725563839,0.34591540230419,6.62334671971221,NA,NA,0.00782800980584189,0.0107959521132251,0.0749557815736421,NA,0.00398021953815941,0.00475177445057404
"31",41.9457,0.0167815959353852,1,26.9380523862884,NA,NA,0.00469369408535497,0.0278685094873754,NA,NA,NA,0.00233882314137733,NA,0.0114422123694831,0.0102938870647459,0.324711847128622,6.03636051657754,0.00389408037821732,0.0018375058256443,0.00422768990042271,0.00934496418792262,0.0623916464235363,NA,0.00388858751258434,0.00709224713150449
"32",42.2287,0.0176716661253115,1,25.9234753090298,0.0187318703549676,NA,0.00674254915324896,0.0118889586416515,NA,NA,NA,0.00319621525991883,0.00242730211433481,0.0151851138493161,0.0136994404856824,0.368433681403233,6.98332100752136,0.064206854772496,0.00416922717017551,0.0168734237404124,0.0108679230240277,0.0695360446786238,NA,0.00504280992919903,0.00686342132719059
"33",42.5117,0.00725230166251752,1,26.8449357445054,0.0148595357207175,NA,0.0055879049802694,0.0274489862643101,NA,NA,NA,NA,NA,0.00965109710275069,0.0107411108121314,0.371443294144206,6.39958391304564,0.0248859931194861,0.00254967208045088,0.00939302007009377,0.00965234324951602,0.0661984988715348,NA,0.0146806316620709,0.015553685714811
"34",42.7948,0.0160903960386269,1,25.6045376075085,NA,NA,NA,0.019056568597159,NA,NA,NA,0.00273289339250308,NA,0.010928369415876,0.0103146534145702,0.31414067185987,6.01353009218746,0.0015347702261146,NA,0.00376989726665067,0.00619963819457095,0.0504377987973558,NA,0.00782371521939035,0.0126797173510177
"35",43.0778,0.013814665667452,1,24.6380103322678,NA,NA,0.00567610488020887,0.0251026877321127,NA,NA,NA,NA,NA,0.00820386145785238,0.0133569809717587,0.323004216018032,6.19224698203886,0.0029264021260705,NA,0.00217995136174838,0.00913234237567167,0.0570761053658085,NA,0.00404424971133128,0.00338322642779747
"36",43.3608,0.0131565524018421,1,27.1744263502654,NA,NA,0.00462148191503535,0.091211889961705,NA,NA,NA,NA,NA,0.0113761145039331,0.00895185891468241,0.346894229121858,6.29084002748876,NA,NA,NA,0.00791753318047228,0.0700412741908667,NA,0.00383518843697993,0.00425017469776053
"37",43.6438,0.0172066596474925,1,26.0731469474662,NA,NA,NA,0.0161377703546141,NA,NA,NA,0.00188699751929868,NA,0.00790913661960617,0.00940956151035204,0.327453758257997,5.97079914016669,0.00148225208621758,NA,NA,0.00656954506641313,0.0497285060551704,NA,0.00271659118788109,0.00394318269128839
"38",43.9269,0.0095341828681796,1,27.396308286674,0.0237354171662886,NA,0.00299309760571403,0.0183148025926178,NA,NA,NA,NA,NA,0.00707749385368441,0.00833101797824955,0.359044670061504,6.8596409071004,0.00181563359085292,NA,0.00193570535094666,0.010812063806938,0.0564938673434383,NA,0.00382337143904759,0.00551141675507276
"39",44.2099,0.00989572015458084,1,26.5908597499087,0.0225793509571105,NA,NA,0.0156468616145194,NA,NA,NA,0.00182959531599518,NA,0.00561682939817575,0.0051083945669324,0.316455473185802,6.03261973487244,NA,NA,NA,0.0105085866498379,0.0635971605365623,NA,0.00283794254604748,0.00458980494293667
"40",44.4929,0.0117770119363731,1,25.1632123235206,NA,NA,NA,0.0106055439280768,NA,NA,NA,NA,NA,0.00283687442850901,0.0063047656223762,0.316172019460008,5.48300146998087,NA,NA,NA,0.0064853773042228,0.0510006440526381,NA,0.00248671763560457,0.00127399102371871
"41",44.7759,0.00932837295770793,1,27.6431584267696,0.0217684015257294,NA,NA,0.0177229164580556,NA,NA,NA,NA,NA,0.00454942880084053,0.00378641026227466,0.363797468573538,6.3950398224646,NA,NA,NA,0.0078881291225484,0.0524710786265355,NA,NA,0.00145523654905303
"42",45.059,0.00507729089328848,1,27.0672123338381,NA,NA,NA,0.0172896848014596,NA,NA,NA,NA,NA,0.00188435009026944,0.0036938525393762,0.335555664213675,6.40924392511013,NA,NA,NA,0.00792947811722417,0.0504523506902865,NA,NA,NA
"43",45.342,0.00773251167541188,1,26.2181983575609,0.0248515322995327,NA,NA,0.0145858433912153,NA,NA,NA,NA,NA,NA,0.00282197963898114,0.310069731633426,5.994542301675,NA,NA,NA,0.00411705095364841,0.0422247019298793,NA,NA,0.0017679756176013
"44",45.625,0.00614277153429212,1,27.0053436160724,NA,NA,NA,0.0147613117467181,NA,NA,NA,NA,NA,0.00215397791355863,0.00328506875689208,0.312879818745489,5.74134282477861,NA,NA,NA,0.00477531931186118,0.0363682007881684,NA,NA,NA
"45",45.908,0.00733337362027641,1,24.829751539494,NA,NA,NA,0.0201505344924083,NA,NA,NA,NA,NA,NA,0.00382131892081121,0.352805507002153,6.58635173200743,NA,NA,NA,0.00456933828483326,0.0379817415859305,NA,NA,NA
"46",46.191,0.00264775965520052,1,26.1673075350807,0.0130305447326718,NA,NA,0.0182397353906299,NA,NA,NA,NA,NA,0.00162737299968699,0.00549206344900375,0.297591740009594,5.64117024621855,NA,NA,NA,0.00421901943176088,0.0329787821731706,NA,NA,NA
"47",46.4741,NA,1,26.9696840446527,NA,NA,NA,0.0167172118040669,NA,NA,NA,NA,NA,0.00213059846659836,0.00292727810287629,0.343777144910914,6.32906472351294,NA,NA,NA,0.00698764974148995,0.0419026862622907,NA,NA,NA
"48",46.7571,NA,1,27.8034772404543,NA,NA,NA,0.0206497474912156,NA,NA,NA,NA,NA,0.0013865674693777,NA,0.311846852647973,5.69007037116483,NA,NA,NA,0.00370561881571344,0.0336130002940862,NA,NA,NA
"49",47.0401,0.00297586651844424,1,26.7007628801949,NA,NA,NA,0.014835652220543,NA,0.00153998986573863,NA,NA,NA,NA,NA,0.308959134239121,5.86983253196913,NA,NA,NA,0.00439278309038889,0.0336082686658018,NA,NA,NA
"50",47.3232,0.00232818309442535,1,25.4969442191287,NA,NA,NA,0.0208520687231774,NA,0.00183536251498485,NA,NA,NA,NA,NA,0.322058647399751,6.21868282638934,NA,NA,NA,0.00406544118152182,0.0335925174618285,NA,NA,NA
"51",47.6062,NA,1,27.1330269863389,NA,NA,NA,0.0172092082218854,NA,NA,NA,NA,NA,NA,NA,0.29714951168263,5.15959626806914,NA,NA,NA,0.00428241938794931,0.0294811746407573,NA,NA,NA
"52",47.8892,NA,1,28.4120238390672,NA,NA,NA,0.0189430173201318,NA,NA,NA,NA,NA,NA,NA,0.34060408926535,6.49612981906224,NA,NA,NA,0.00417168125674186,0.0362303976680088,NA,NA,NA
"53",48.1722,0.00273882388300174,1,27.0614282092654,NA,NA,NA,0.0145181408987464,NA,NA,NA,NA,NA,NA,NA,0.297088186340284,5.30339561944527,NA,NA,NA,0.00385794684338026,0.0301563883839253,NA,NA,NA
"54",48.4552,NA,1,26.7906929724289,NA,NA,NA,0.014092134945599,NA,NA,NA,NA,NA,NA,NA,0.296747425591114,5.50179832510449,NA,NA,NA,0.00486206834521484,0.0278921101328818,NA,NA,NA
"55",48.7383,NA,1,26.4421820931762,NA,NA,NA,0.0137228380595799,NA,NA,NA,NA,NA,NA,NA,0.267415487152747,5.02223452729828,NA,NA,NA,0.0065431050285033,0.0337030266993381,NA,NA,NA
"56",49.0213,NA,1,27.4263622060327,NA,NA,NA,0.0196472018033605,NA,NA,NA,NA,NA,NA,NA,0.296087962236358,5.80302350146802,NA,NA,NA,0.00634086243003331,0.0412995156144792,NA,NA,NA
"57",49.3043,0.00381650021287999,1,27.7338444448851,NA,NA,NA,0.0164211365515446,NA,NA,NA,NA,NA,NA,NA,0.320468127821103,5.73124611840976,NA,NA,NA,0.00499112167282106,0.0341092000007114,NA,NA,NA
"58",49.5873,NA,1,26.6103390317376,NA,NA,NA,0.0173421352332039,NA,NA,NA,NA,NA,0.00163184768344653,NA,0.2933835265866,5.48338509406104,NA,NA,NA,0.00565015145035224,0.0366806491191598,NA,NA,NA
"59",49.8704,NA,1,27.7773287910737,NA,NA,NA,0.018725037198344,NA,NA,NA,NA,NA,NA,0.00297959837041721,0.311800145699939,5.9506472710594,NA,NA,NA,0.00723794537755446,0.0399458236805453,NA,NA,NA
"60",50.1534,NA,1,25.3589888833326,NA,NA,NA,0.0122902589206779,NA,NA,NA,NA,NA,NA,0.0028379775931005,0.285542724005289,4.93410259345244,NA,NA,NA,0.00531188696091506,0.0378400134771066,NA,NA,NA
"61",50.4364,NA,1,27.1603427150688,NA,NA,NA,0.0169186049191735,NA,NA,NA,NA,NA,NA,NA,0.33764478063138,6.1190888593982,NA,NA,NA,0.00729578271314083,0.0468429378864709,NA,NA,NA
"62",50.7194,NA,1,27.252616958755,NA,NA,NA,0.0148614213130136,NA,NA,NA,NA,NA,NA,NA,0.302287309558912,5.86749260676706,NA,NA,NA,0.00741970728838086,0.0414684936609064,NA,NA,NA
"63",51.0025,NA,1,26.2185814849021,NA,NA,NA,0.0136023579110843,NA,NA,NA,NA,NA,NA,0.00263170089227289,0.305420032773713,5.5529633075437,NA,NA,NA,0.00750348147505904,0.0462023548514859,NA,NA,NA
"64",51.2855,NA,1,25.2965236517081,NA,NA,NA,0.0157417570315957,NA,NA,NA,NA,NA,NA,NA,0.309517370064253,5.7507198175863,NA,NA,NA,0.00823816983849837,0.0462586229562387,NA,NA,NA
"65",51.5685,0.00214761277019344,1,25.8904417729838,NA,NA,NA,0.0139405087200301,NA,NA,NA,NA,NA,NA,NA,0.285896086804093,5.90269645764253,NA,NA,NA,0.0060158414961119,0.0476041319126862,NA,NA,NA
"66",51.8515,NA,1,27.6591372298052,0.0177731047979877,NA,NA,0.0149803611626587,NA,NA,NA,NA,NA,NA,0.00348917205604881,0.287663878392501,5.68779776659858,NA,NA,NA,0.00626166121674743,0.0517929454910212,NA,NA,NA
"67",52.1346,0.00308668797605082,1,26.3174616205502,NA,NA,NA,0.017336111470043,NA,NA,NA,NA,NA,NA,NA,0.316158502801985,5.73317898380716,NA,NA,NA,0.00622368886344414,0.0492712868749333,NA,NA,NA
"68",52.4176,NA,1,27.6253636775858,NA,NA,NA,0.0180481381477256,NA,NA,NA,NA,NA,NA,NA,0.348190498766113,6.1846920430602,NA,NA,NA,0.00599683414672012,0.0567548135414446,NA,NA,NA
"69",52.7006,NA,1,27.0956612502423,NA,NA,NA,0.0149676115613952,NA,NA,NA,NA,NA,NA,0.00432167460189242,0.30926639498055,6.09293752700621,NA,NA,NA,0.00994846620044701,0.0543840760804667,NA,NA,NA
"70",52.9836,NA,1,24.801795833868,NA,NA,NA,0.0156492073123124,NA,NA,NA,NA,NA,NA,NA,0.27862726954323,5.43144988618487,NA,NA,NA,0.00675320769287273,0.0529947533025421,NA,NA,NA
"71",53.2666,NA,1,29.0059821088649,NA,NA,NA,0.0141671738965873,NA,NA,NA,NA,NA,NA,NA,0.3456662209137,6.62465713647766,NA,NA,NA,0.00743908090636048,0.0533174596543187,NA,NA,NA
"72",53.5497,NA,1,27.160066176915,NA,NA,NA,0.0195115116479284,NA,NA,NA,NA,NA,NA,0.00316642325387565,0.310312425186184,6.21391643141354,NA,NA,NA,0.00619503509256839,0.0535560918772864,NA,NA,NA
"73",53.8327,NA,1,26.8275796149076,NA,NA,NA,0.0146505301606912,NA,NA,NA,NA,NA,NA,0.00313001067739003,0.302097274746546,6.06476770242973,NA,NA,NA,0.00652066909500066,0.0508605422343639,NA,NA,NA
"74",54.1157,NA,1,27.426968961993,NA,NA,NA,0.0201249803172163,NA,NA,NA,NA,NA,NA,NA,0.299188211203788,5.87489266961866,NA,NA,NA,0.00583544081604218,0.0391126479594884,NA,NA,NA
"75",54.3988,0.00186764874735981,1,26.2019711058064,NA,NA,NA,0.0111166589479563,NA,NA,NA,NA,NA,NA,NA,0.259572405683226,5.13892611951121,NA,NA,NA,0.00770969162984794,0.0364015196922231,NA,NA,NA
"76",54.6818,NA,1,26.3118010105209,NA,NA,NA,0.0138562776082372,NA,NA,NA,NA,NA,NA,0.00338935908359043,0.34607427178466,6.04430556779271,NA,NA,NA,0.00641633529070645,0.0465185744949366,NA,NA,NA
"77",54.9648,NA,1,27.6657823005468,NA,NA,NA,0.0145828961996763,NA,NA,NA,NA,NA,NA,NA,0.31193386826351,5.96267051851574,NA,NA,NA,0.00445904612888578,0.0437306511952617,NA,NA,NA
"78",55.2478,NA,1,26.4610870072333,NA,NA,NA,0.0145578998716256,NA,NA,NA,NA,NA,NA,0.00254917040099401,0.276022645783457,5.2893772930143,NA,NA,NA,0.0090428831483716,0.0352509614183842,NA,NA,NA
"79",55.5308,0.0020063981317443,1,25.4650163577723,NA,NA,NA,0.010971625040412,NA,NA,NA,NA,NA,NA,NA,0.260558797514283,5.20360180415893,NA,NA,NA,0.00537346574794447,0.0382351496441339,NA,NA,NA
"80",55.8139,NA,1,26.6894962725897,NA,NA,NA,0.0114364602776554,NA,NA,NA,NA,NA,NA,NA,0.315981029428298,5.9264119711116,NA,NA,NA,0.00382104966157006,0.03695291203348,NA,NA,NA
"81",56.0969,NA,1,26.0315872898934,NA,NA,NA,0.0211453591200602,NA,NA,NA,NA,NA,NA,0.00268352615801106,0.287713270179015,5.56804715767227,NA,NA,NA,0.00329240508322546,0.0336301906002227,NA,NA,NA
"82",56.3799,NA,1,27.0125957817374,NA,NA,NA,0.023275183043516,NA,NA,NA,NA,NA,NA,NA,0.276346731898177,5.64840231371492,NA,NA,NA,0.00499412615824261,0.0349361981048113,NA,NA,NA
"83",56.6629,NA,1,29.2108055290942,NA,NA,NA,0.0189520447936308,NA,NA,NA,NA,NA,NA,NA,0.317438464576978,5.72590463941523,NA,NA,NA,0.00385326045041831,0.035404139392588,NA,NA,NA
"84",56.946,NA,1,28.4994728074149,NA,NA,NA,0.0153826676317534,NA,NA,NA,NA,NA,NA,0.00297614431237942,0.358394799428155,6.26590134971547,NA,NA,NA,0.00664390100007919,0.0368150788855506,NA,NA,NA
"85",57.229,NA,1,27.8638493508135,NA,NA,NA,0.0204418259514753,NA,NA,NA,NA,NA,NA,NA,0.303095421308113,5.52234898950663,NA,NA,NA,0.00417708355686553,0.0340744529102992,NA,NA,NA
"86",57.512,NA,1,27.1557351804271,NA,NA,NA,0.0144801656205202,NA,NA,NA,NA,NA,NA,0.0029030344977716,0.327323370095178,5.99116704157638,NA,NA,NA,0.00782799634159013,0.0328534190179919,NA,NA,NA
"87",57.795,NA,1,28.0308724514235,NA,NA,NA,0.0152102328454447,NA,NA,NA,NA,NA,NA,NA,0.299400620376063,6.28466524669238,NA,NA,NA,0.00722720378817229,0.0430053945855754,NA,NA,NA
"88",58.0781,NA,1,28.8230524283792,NA,NA,NA,0.0141786698333671,NA,NA,NA,NA,NA,NA,NA,0.292964985562211,5.61477813965308,NA,NA,NA,0.00304786714886808,0.0379265996003647,NA,NA,NA
"89",58.3611,NA,1,29.5942803979975,NA,NA,NA,0.0162514888024203,NA,NA,NA,NA,NA,NA,0.00370664717518687,0.363902258368086,6.31915215923941,NA,NA,NA,0.00678200453709173,0.0425031072259602,NA,NA,NA
"90",58.6441,NA,1,27.0114447392178,NA,NA,NA,0.0132664880779995,NA,NA,NA,NA,NA,NA,NA,0.308811553385084,5.91732478283554,NA,NA,NA,0.00765497419349461,0.0430819755535905,NA,NA,NA
"91",58.9271,NA,1,27.2853938491334,NA,NA,NA,0.0217639048744884,NA,NA,NA,NA,NA,NA,NA,0.298114995453859,5.51256087062368,NA,NA,NA,0.00331273199937196,0.0452147388512884,NA,NA,NA
"92",59.2102,NA,1,25.2058501429941,NA,NA,NA,0.0136433556931345,NA,NA,NA,NA,NA,NA,NA,0.299085746165555,5.46436752650507,NA,NA,NA,0.00610617202812534,0.0433654118370884,NA,NA,NA
"93",59.4932,NA,1,28.2441874024064,NA,NA,NA,0.0164910991674109,NA,NA,NA,NA,NA,NA,0.00363837238852081,0.319401816769658,5.98900062470256,NA,NA,NA,0.00388929341022599,0.0451030722766275,NA,NA,NA
"94",59.7762,NA,1,26.7910710543106,NA,NA,NA,0.0156243595416605,NA,NA,NA,NA,NA,NA,NA,0.294805195897156,5.8900806897031,NA,NA,NA,0.00471299281988858,0.0380231987104078,NA,NA,NA
"95",60.0592,NA,1,26.1476008292766,NA,NA,NA,0.017512063899484,NA,NA,NA,NA,NA,NA,NA,0.327318741024781,5.68983222755073,NA,NA,NA,0.00710724672602231,0.0510978720423213,NA,NA,NA
"96",60.3422,NA,1,30.0868633902127,NA,NA,NA,0.0123068148131544,NA,NA,NA,NA,NA,NA,NA,0.313362700080997,6.09553011004377,NA,NA,NA,0.00778073342392519,0.0511259233657881,NA,NA,NA
"97",60.6253,NA,1,26.2813146998798,NA,NA,NA,0.0136897127252274,NA,NA,NA,NA,NA,NA,0.00304658883547198,0.291335053679047,6.11951553979508,NA,NA,NA,0.00867447599066059,0.0426231254805015,NA,NA,NA
"98",60.9083,NA,1,27.8301774229823,NA,NA,NA,0.0105590877910128,NA,NA,NA,NA,NA,NA,NA,0.255176604762791,5.18539341028006,NA,NA,NA,0.00687543592352471,0.0428849752124318,NA,NA,NA
"99",61.1913,NA,1,28.5274874505786,NA,NA,NA,0.0137804523392422,NA,NA,NA,NA,NA,NA,0.00475944240494955,0.325355132889392,6.1155407680543,NA,NA,NA,0.00573422612224711,0.045912558028006,NA,NA,NA
"100",61.4743,NA,1,27.6932469028709,NA,NA,NA,0.0237473818662681,NA,NA,NA,NA,NA,NA,0.00351575709814583,0.258041628269988,5.44819918744483,NA,NA,NA,0.0073242844891906,0.0452176133890257,NA,NA,NA
"101",61.7574,NA,1,29.4076047753741,NA,NA,NA,0.0120046653045838,NA,NA,NA,NA,NA,NA,NA,0.312037050175816,6.18655913248768,NA,NA,NA,0.00924397782173508,0.0584766562288986,NA,NA,NA
"102",62.0404,NA,1,25.8098594077852,NA,NA,NA,0.013810192087269,NA,NA,NA,NA,NA,NA,NA,0.282769829127218,5.18601875575381,NA,NA,NA,0.00575806941981749,0.0523226099009184,NA,NA,NA
"103",62.3234,NA,1,25.7528608104848,NA,NA,NA,0.0108411470754417,NA,NA,NA,NA,NA,NA,NA,0.254606862223907,5.12878743658561,NA,NA,NA,0.00662945056581938,0.0453809112520585,NA,NA,NA
"104",62.6064,NA,1,28.5171385791053,NA,NA,NA,0.01092527491441,NA,NA,NA,NA,NA,NA,0.00454937789165628,0.316822456316869,5.84460933728396,NA,NA,NA,0.0074591947777568,0.0474773890122515,NA,NA,NA
"105",62.8895,0.00260510529993821,1,28.3167785492448,NA,NA,NA,0.017445331331996,NA,NA,NA,NA,NA,NA,NA,0.310218821834671,5.64063810626988,NA,NA,NA,0.00798447717210984,0.0416665808041078,NA,NA,NA
"106",63.1725,NA,1,27.9365924964156,NA,NA,NA,0.0180108491111078,NA,NA,NA,NA,NA,NA,NA,0.278981497561751,5.75224581027663,NA,NA,NA,0.00711552984867019,0.04551685597024,NA,NA,NA
"107",63.4555,NA,1,28.5854318317467,NA,NA,NA,0.016294798154397,NA,NA,NA,NA,NA,NA,0.0031526177389722,0.32089047724624,5.30403027728627,NA,NA,NA,0.00533094609019138,0.0502376237889079,NA,NA,NA
"108",63.7385,NA,1,25.6022246508247,NA,NA,NA,0.0191605854935999,NA,NA,NA,NA,NA,NA,NA,0.316426520288303,6.0871488138606,NA,NA,NA,0.00585847813699197,0.0479033083073618,NA,NA,NA
"109",64.0216,0.0023933576435898,1,28.7661943731282,NA,NA,NA,0.0101276688490561,NA,NA,NA,NA,NA,NA,NA,0.288189463061187,5.65446575493931,NA,NA,NA,0.00628336359834545,0.0455545267485895,NA,NA,NA
"110",64.3046,NA,1,27.4376050506763,0.0139700326937661,NA,NA,0.013981987580169,NA,NA,NA,NA,NA,NA,NA,0.297256598213543,5.55346352626701,NA,NA,NA,0.00517363860719249,0.0435331276161935,NA,NA,NA
"111",64.5876,NA,1,28.5842101920173,NA,NA,NA,0.00985039710735671,NA,NA,NA,NA,NA,NA,NA,0.309701798515005,5.53177605179648,NA,NA,NA,0.00470238171032717,0.0494978239385913,NA,NA,NA
"112",64.8706,NA,1,27.6192106093179,NA,NA,NA,0.0120973126740938,NA,NA,NA,NA,NA,NA,0.00272109020655513,0.284787868027011,5.61664570692262,NA,NA,NA,0.00628499224668262,0.0550503173507722,NA,NA,NA
"113",65.1537,NA,1,26.4448220306634,NA,NA,NA,0.0102659696888518,NA,NA,NA,NA,NA,NA,NA,0.297703239394613,5.80571971793829,NA,NA,NA,0.00530272188076946,0.0408135182668658,NA,NA,NA
"114",65.4367,NA,1,24.1980290941111,NA,NA,NA,0.0157409617288072,NA,NA,NA,NA,NA,NA,0.00307137275130717,0.265874414671505,4.8500209776529,NA,NA,NA,0.00464610154152665,0.0397061957315921,NA,NA,NA
"115",65.7197,NA,1,27.1220670823735,NA,NA,NA,0.0191026745674228,NA,NA,NA,NA,NA,NA,NA,0.307496441582129,5.43873469473201,NA,NA,NA,0.00657805679066523,0.0477259244297865,NA,NA,NA
"116",66.0027,NA,1,28.7259422315916,NA,NA,NA,0.0162121533144366,NA,NA,NA,NA,NA,NA,NA,0.279502584450807,5.55374988217146,NA,NA,NA,0.00401459659757207,0.0451877820096777,NA,NA,NA
"117",66.2858,NA,1,25.8467390389807,NA,NA,NA,0.0175798462039853,NA,NA,NA,NA,NA,NA,NA,0.313099821412361,5.81861696293236,NA,NA,NA,0.00627614780090755,0.0448003875258709,NA,NA,NA
"118",66.5688,NA,1,27.2016667100974,NA,NA,NA,0.0195755535271158,NA,NA,NA,NA,NA,NA,NA,0.278410354586136,5.41465876323725,NA,NA,NA,0.00483677055319271,0.0444737306978791,NA,NA,NA
"119",66.8518,NA,1,28.3507379131441,NA,NA,0.00323009755814783,0.0113542166481104,NA,NA,NA,NA,NA,NA,0.00322874076782989,0.279653110787521,5.50123521150422,NA,NA,NA,0.00671821874442013,0.0494144236047935,NA,NA,NA
"120",67.1348,NA,1,26.2305334539515,NA,NA,NA,0.0167930865510765,NA,NA,NA,NA,NA,NA,NA,0.272659818824606,5.10354820095025,NA,NA,NA,0.00553198784629113,0.0483275603939916,NA,NA,NA
"121",67.4178,NA,1,26.6946940667899,NA,NA,NA,0.014274639504617,NA,NA,NA,NA,NA,NA,NA,0.274438604380376,5.65115535203324,NA,NA,NA,0.00961487865798368,0.0591114994798964,NA,NA,NA
"122",67.7009,NA,1,28.3307056003228,NA,NA,NA,0.0160011235944404,NA,NA,NA,NA,NA,NA,NA,0.313917003475682,6.50957336726399,NA,NA,NA,0.0107118383514669,0.0550190393068158,NA,NA,NA
"123",67.9839,NA,1,25.6461057068085,NA,NA,NA,0.0137873733317914,NA,NA,NA,NA,NA,NA,0.00257737310461108,0.272490410927865,5.65316407072573,NA,NA,NA,0.00814605877759049,0.0510981054518014,NA,NA,NA
"124",68.2669,NA,1,30.0749552872334,NA,NA,NA,0.0119154106113987,NA,NA,NA,NA,NA,NA,NA,0.288470061066952,5.4976574011103,NA,NA,NA,0.00774160137052671,0.0562803254663758,NA,NA,NA
"125",68.5499,NA,1,26.4722442839638,NA,NA,NA,0.0189253185698023,NA,NA,NA,NA,NA,NA,0.00286311334899241,0.279556996825397,5.70103346254572,NA,NA,NA,0.00715448490645037,0.0538540421511545,NA,NA,NA
"126",68.833,NA,1,26.803764002942,NA,NA,NA,0.0191545392135162,NA,NA,NA,NA,NA,NA,NA,0.301227345681407,5.98658073364515,NA,NA,NA,0.00601665470873204,0.0703253732178178,NA,NA,NA
"127",69.116,NA,1,27.0359258157323,NA,NA,NA,0.0156778456619568,NA,NA,NA,NA,NA,NA,NA,0.293457216655231,5.32154612696426,NA,NA,NA,0.00952619372342384,0.0584329674125982,NA,NA,NA
"128",69.399,NA,1,26.3049684910246,NA,NA,NA,0.0158184327005086,NA,NA,NA,NA,NA,NA,0.0036843726763199,0.312606804782179,5.8738236200754,NA,NA,NA,0.00811177121482857,0.0598552203138406,NA,NA,NA
"129",69.682,NA,1,28.4268297209868,NA,NA,NA,0.0151723252186749,NA,NA,NA,NA,NA,NA,NA,0.324100292274987,6.61531237514082,NA,NA,NA,0.0101860864568153,0.0662887002327421,NA,NA,NA
"130",69.9651,NA,1,27.4256764360802,NA,NA,NA,0.0193677044095419,NA,NA,NA,NA,NA,NA,NA,0.289638444223968,5.96421213521336,NA,NA,NA,0.00834133244826509,0.0533702037196485,NA,NA,NA
"131",70.2481,NA,1,27.3240018311609,NA,NA,NA,0.0145410077821312,NA,NA,NA,NA,NA,NA,NA,0.294848349853797,5.0506113587653,NA,NA,NA,0.00837346464496131,0.0607384291107708,NA,NA,NA
"132",70.5311,NA,1,24.9334243229994,NA,NA,NA,0.0137654364590997,NA,NA,NA,NA,NA,NA,NA,0.291767184438392,6.19442060906129,NA,NA,NA,0.00860737558383811,0.0723266487003278,NA,NA,NA
"133",70.8141,NA,1,28.7316720925309,NA,NA,NA,0.017384452517019,NA,NA,NA,NA,NA,NA,0.00278016097595989,0.329165619455961,6.82774998880178,NA,NA,NA,0.0124431966330327,0.0772119686029681,NA,NA,NA
"134",71.0972,NA,1,26.1929100695269,NA,NA,NA,0.0158532093087173,NA,NA,NA,NA,NA,NA,NA,0.294366542081162,5.92188617031876,NA,NA,NA,0.00926129420644823,0.0661541554850469,NA,NA,NA
"135",71.3802,NA,1,28.6328495720744,NA,NA,NA,0.0125999800497224,NA,NA,NA,NA,NA,NA,NA,0.306277227845764,5.87469580241653,NA,NA,NA,0.00895765100447045,0.0623927446891254,NA,NA,NA
"136",71.6632,NA,1,26.883608851755,NA,NA,NA,0.0144881667557918,NA,NA,NA,NA,NA,NA,NA,0.319152022479365,5.92010685114643,NA,NA,NA,0.0105285771730524,0.068183677338409,NA,NA,NA
"137",71.9462,0.00217129603356976,1,29.7129731720359,NA,NA,NA,0.0123986871057596,NA,NA,NA,NA,NA,NA,NA,0.35534033391718,6.41397980338515,NA,NA,NA,0.0141356205643304,0.0644688126956077,NA,NA,NA
"138",72.2293,NA,1,26.177991718902,NA,NA,NA,0.0175432464382747,NA,NA,NA,NA,NA,NA,0.00302681016331074,0.315578741303562,5.82966641585315,NA,NA,NA,0.0107275107441535,0.068209062237307,NA,NA,NA
"139",72.5123,NA,1,26.4349242771984,NA,NA,NA,0.0123338114882257,NA,NA,NA,NA,NA,NA,NA,0.285925507327177,5.81635154201822,NA,NA,NA,0.00898303128887884,0.0698483099426622,NA,NA,NA
"140",72.7953,NA,1,27.69941936204,NA,NA,NA,0.0181776699049545,NA,NA,NA,NA,NA,NA,NA,0.299616721535134,6.04948665390344,NA,NA,NA,0.00783550825845515,0.0584941323652124,NA,NA,NA
"141",73.0783,NA,1,26.2287280351974,NA,NA,NA,0.0163579227214955,NA,NA,NA,NA,NA,NA,0.00269385730702488,0.286813215788277,5.73244480432146,NA,NA,NA,0.00934775825840273,0.0599593556353957,NA,NA,NA
"142",73.3614,NA,1,24.7984238322924,NA,NA,NA,0.0148250673585981,NA,NA,NA,NA,NA,NA,NA,0.313972296487879,5.56155131191692,NA,NA,NA,0.00888764783100553,0.0614072967236775,NA,NA,NA
"143",73.6444,NA,1,29.7580283065691,NA,NA,NA,0.0185074018996587,NA,NA,NA,NA,NA,NA,0.00383271599509349,0.332783674859249,6.69721706777284,NA,NA,NA,0.00992852073694894,0.0686457694514982,NA,NA,NA
"144",73.9274,NA,1,26.5805510609697,NA,NA,NA,0.0120070570889132,NA,NA,NA,NA,NA,NA,NA,0.296178491881057,5.22709886834835,NA,NA,NA,0.00665592213206111,0.0620845177754009,NA,NA,NA
"145",74.2104,NA,1,30.0219404686457,NA,NA,NA,0.0148747664251527,NA,NA,NA,NA,NA,NA,NA,0.36965160081645,6.53635064303795,NA,NA,NA,0.00954038570127691,0.06535933302709,NA,NA,NA
"146",74.4934,NA,1,29.3109792769874,NA,NA,NA,0.0172656302600481,NA,NA,NA,NA,NA,NA,NA,0.311914721150264,5.75202517392288,NA,NA,NA,0.00958129575865237,0.0547417739817708,NA,NA,NA
"147",74.7765,NA,1,28.1956516627549,NA,NA,NA,0.0116132118068146,NA,NA,NA,NA,NA,NA,NA,0.31908059074647,6.38731142137548,NA,NA,NA,0.00766708073684803,0.0681285894949759,NA,NA,NA
"148",75.0595,NA,1,27.0641964041638,NA,NA,NA,0.0160066061752709,NA,NA,NA,NA,NA,NA,NA,0.326303264815319,5.6569280177162,NA,NA,NA,0.0113191822874671,0.0723688966667443,NA,NA,NA
"149",75.3425,NA,1,28.7626282674557,NA,NA,NA,0.0186148335624834,NA,NA,NA,NA,NA,NA,NA,0.296595959487055,5.35978176244282,NA,NA,NA,0.00681243490197054,0.0656971070272937,NA,NA,NA
"150",75.6255,NA,1,30.3658600504491,NA,NA,NA,0.0208852430443539,NA,NA,NA,NA,NA,NA,NA,0.289852155622125,5.87578194631609,NA,NA,NA,0.00878001970129617,0.068363682393181,NA,NA,NA
"151",75.9086,NA,1,28.9943668189722,NA,NA,NA,0.0155528255712805,NA,NA,NA,NA,NA,NA,0.00552007595955046,0.320030658733134,6.48746449067004,NA,NA,NA,0.00937263383920027,0.070665827563105,NA,NA,NA
"152",76.1916,NA,1,26.748383155796,NA,NA,NA,0.0154657887936868,NA,NA,NA,NA,NA,NA,0.00398010351408534,0.334511731988422,5.68754816028447,NA,NA,NA,0.00968871045548391,0.0716955470833808,NA,NA,NA
"153",76.4746,NA,1,27.8413016580705,NA,NA,NA,0.0116194998744855,NA,NA,NA,NA,NA,NA,NA,0.310164343416263,6.33268393637477,NA,NA,NA,0.0111923511310907,0.0630905373460555,NA,NA,NA
"154",76.7576,NA,1,27.8595949807834,NA,NA,NA,0.0143544997875942,NA,NA,NA,NA,NA,NA,NA,0.324379261277947,6.25785653230055,NA,NA,NA,0.0100667196550228,0.0683456058215981,NA,NA,NA
"155",77.0407,0.0025602831749493,1,25.779373266937,0.0126000425959951,NA,NA,0.0107831517501056,NA,NA,NA,NA,NA,NA,NA,0.292338238017232,5.28585231648261,NA,NA,NA,0.00994664891526433,0.057708558147283,NA,NA,NA
"156",77.3237,NA,1,29.8781384048793,NA,NA,NA,0.0155681466055299,NA,NA,NA,NA,NA,NA,NA,0.351391847610769,5.85295913494065,NA,NA,NA,0.0109992474573103,0.0685517738262415,NA,NA,NA
"157",77.6067,0.00597890585687965,1,25.9775500564293,NA,NA,NA,0.0122752900552309,NA,NA,NA,NA,NA,NA,0.0036775597815156,0.30124324966291,5.28997601474489,NA,NA,NA,0.00728056587466812,0.0615979679740634,NA,NA,NA
"158",77.8897,0.0031010164376369,1,28.1536762620548,NA,NA,NA,0.0115457181373079,NA,NA,NA,0.00745020993506225,NA,NA,NA,0.28937144596613,5.56634173166615,NA,NA,NA,0.00918415583855501,0.0606921310282715,NA,NA,NA
"159",78.1728,NA,1,26.5708886818867,NA,NA,NA,0.0146566895461641,NA,NA,NA,NA,NA,NA,0.00439599272607004,0.291347985461132,5.74185266142172,NA,NA,NA,0.00962055348985457,0.0672549280920051,NA,NA,NA
"160",78.4558,NA,1,29.5665518789325,NA,NA,NA,0.0142286977585578,NA,NA,NA,NA,NA,NA,0.00599192873249303,0.340783981364259,6.60872810812372,NA,NA,NA,0.00813336212071487,0.064649519641658,NA,NA,NA
"161",78.7388,0.00200485869996279,1,25.941054357934,NA,NA,NA,0.0167844826366388,NA,NA,NA,NA,NA,NA,NA,0.3126580088377,5.60697534899072,NA,NA,NA,0.00806845843373213,0.0556098708686852,NA,NA,NA
"162",79.0218,NA,1,27.2225685765108,NA,NA,NA,0.0189018599515792,NA,NA,NA,NA,NA,NA,0.00431219725773551,0.294974040020337,6.15668508783342,NA,NA,NA,0.00900681920307336,0.057402673934438,NA,NA,NA
"163",79.3049,NA,1,29.1409134267858,NA,NA,NA,0.0108785367997725,NA,NA,NA,NA,NA,NA,0.00278679897316682,0.295521828861183,6.00066043638854,NA,NA,NA,0.00923911981718539,0.0545723922107503,NA,NA,NA
"164",79.5879,0.00219987664744053,1,27.142718986094,NA,NA,NA,0.0178848379184997,NA,NA,NA,NA,NA,NA,NA,0.328012404439994,6.0188070332177,NA,NA,NA,0.00703070033519775,0.0603028768141153,NA,NA,NA
"165",79.8709,NA,1,26.6682237964254,NA,NA,NA,0.0152016021548766,NA,NA,NA,NA,NA,NA,0.00365640698336171,0.312869127717784,5.56181554306119,NA,NA,NA,0.00996396397065642,0.0594008980016597,NA,NA,NA
"166",80.1539,NA,1,27.4659945169912,NA,NA,NA,0.0125347692185468,NA,NA,NA,NA,NA,NA,NA,0.286502836296734,5.55926582865687,NA,NA,NA,0.00864466933226767,0.0586713734318144,NA,NA,NA
"167",80.437,NA,1,26.5834822781379,NA,NA,NA,0.0132986738006767,NA,NA,NA,NA,NA,NA,0.00427185181976482,0.263257655975297,5.63838331526391,NA,NA,NA,0.00793303472569069,0.0545562673826759,NA,NA,NA
"168",80.72,NA,1,30.0009209035943,NA,NA,NA,0.0214156131617207,NA,NA,NA,NA,NA,NA,NA,0.311491111988062,6.40246796970242,NA,NA,NA,0.00804048226145629,0.0743035812344362,NA,NA,NA
"169",81.003,NA,1,28.1367174464042,NA,NA,NA,0.0196574803234499,NA,NA,NA,NA,NA,NA,0.00274671543235564,0.31613455690454,5.86458388989421,NA,NA,NA,0.007618936283535,0.0655902251307836,NA,NA,NA
"170",81.286,NA,1,24.8320754459192,NA,NA,NA,0.0115218317834827,NA,NA,NA,NA,NA,NA,NA,0.265947023595122,4.90907386004358,NA,NA,NA,0.00613744006148346,0.0503832905446391,NA,NA,NA
"171",81.569,NA,1,27.4415285884964,NA,NA,NA,0.0116045333934182,NA,NA,NA,NA,NA,NA,NA,0.296257720731426,5.8887777802119,NA,NA,NA,0.0073262285479891,0.0565275493090654,NA,NA,NA
"172",81.8521,NA,1,29.7401039359038,NA,NA,NA,0.0202505066514936,NA,NA,NA,NA,NA,NA,0.00500932023952724,0.331700445388101,5.97277486436157,NA,NA,NA,0.0113509637825279,0.0577039150777505,NA,NA,NA
"173",82.1351,NA,1,27.8200654238412,NA,NA,NA,0.0168016707210295,NA,NA,NA,NA,NA,NA,NA,0.316699569323815,5.80546775913463,NA,NA,NA,0.00849242345614019,0.0589344452359898,NA,NA,NA
"174",82.4181,NA,1,28.4604184082173,NA,NA,NA,0.0108357111987859,NA,NA,NA,NA,NA,NA,NA,0.321176731946043,6.03334712157293,NA,NA,NA,0.00633291760005592,0.0510920024068587,NA,NA,NA
"175",82.7011,NA,1,25.8348101114975,NA,NA,NA,0.0163088186092754,NA,NA,NA,NA,NA,NA,0.00404324607738455,0.282408181708855,5.51457034711118,NA,NA,NA,0.0072345596421009,0.0508624546592547,NA,NA,NA
"176",82.9842,NA,1,30.8384219310606,NA,NA,NA,0.0115620584515859,NA,NA,NA,NA,NA,NA,NA,0.313774777590442,6.81638168863215,NA,NA,NA,0.00844494069755608,0.0522393925014586,NA,NA,NA
"177",83.2672,NA,1,25.4504776340036,NA,NA,NA,0.0128772194672854,NA,NA,NA,NA,NA,NA,0.00297351427219384,0.292903816167742,5.42385828010471,NA,NA,NA,0.00494399123983058,0.0494162909525951,NA,NA,NA
"178",83.5502,NA,1,29.4176483513344,NA,NA,NA,0.0115685735928329,NA,NA,NA,NA,NA,NA,0.00328969636060591,0.316475769247834,6.52408491027252,NA,NA,NA,0.0052404741968228,0.0421820357349421,NA,NA,NA
"179",83.8332,NA,1,25.1506157602145,NA,NA,NA,0.0134403478308619,NA,NA,NA,NA,NA,NA,NA,0.289980504991301,5.52184318859604,NA,NA,NA,0.00560887073653346,0.0473680103591833,NA,NA,NA
"180",84.1163,NA,1,26.7384664813598,NA,NA,NA,0.0147759986973562,NA,NA,NA,NA,NA,NA,NA,0.295857033739376,5.76070151797537,NA,NA,NA,0.00575806941981749,0.0436601143028245,NA,NA,NA
"181",84.3993,NA,1,25.1780748122722,NA,NA,NA,0.014294647721315,NA,NA,NA,NA,NA,NA,NA,0.300242524022457,6.09328378507054,NA,NA,NA,0.00595432904689658,0.0396300138046894,NA,NA,NA
"182",84.6823,NA,1,30.0470811172594,NA,NA,NA,0.0193006947124635,NA,NA,NA,NA,NA,NA,NA,0.320355961774288,5.82681924128358,NA,NA,NA,0.00530472571554701,0.037595062608546,NA,NA,NA
"183",84.9653,NA,1,27.1791452447157,NA,NA,NA,0.0259275599784721,NA,NA,NA,NA,NA,NA,NA,0.32371145895655,6.65502843350785,NA,NA,NA,0.00581845971641488,0.0388368479955531,NA,NA,NA
"184",85.2484,NA,1,25.6659966901454,NA,NA,NA,0.0182059491902949,NA,NA,NA,NA,NA,NA,NA,0.296875918041056,6.36069876456801,NA,NA,NA,0.00622931751741882,0.0373307503171766,NA,NA,NA
"185",85.5314,NA,1,26.1095341253961,NA,NA,NA,0.016107218182495,NA,NA,NA,NA,NA,NA,NA,0.380538941553442,6.37058242104449,NA,NA,NA,0.00542373747844772,0.0360318346637032,NA,NA,NA
"186",85.8144,NA,1,26.2164100893472,NA,NA,NA,0.0106940943642603,NA,NA,NA,NA,NA,NA,NA,0.293719803450298,6.18643191862518,NA,NA,NA,0.00314926306851611,0.0325567541222784,NA,NA,NA
"187",86.0974,NA,1,27.1521021016955,NA,NA,NA,0.0128247499316665,NA,NA,NA,NA,NA,NA,NA,0.348921640513438,6.26672538860029,NA,NA,NA,0.00420857726815805,0.0305430047943194,NA,NA,NA
"188",86.3805,NA,1,26.471142472851,NA,NA,NA,0.0159870533435235,NA,NA,NA,NA,NA,NA,NA,0.317429990784063,6.14231184861008,NA,NA,NA,0.0027850543817665,0.0257852195523349,NA,NA,NA
"189",86.6635,NA,1,26.4605991915386,NA,NA,NA,0.0139151559023264,NA,NA,NA,NA,NA,NA,NA,0.298806002812388,6.19830241842567,NA,NA,NA,0.00363850221463295,0.0229848936340473,NA,NA,NA
"190",86.9465,NA,1,27.5736036962544,NA,NA,NA,0.0105688986869714,NA,NA,NA,NA,NA,NA,NA,0.349151723579546,6.98116842115852,NA,NA,NA,0.00288484167748916,0.0287058151271448,NA,NA,NA
"191",87.2295,NA,1,27.4578851430608,NA,NA,NA,0.0119859922871058,NA,NA,NA,NA,NA,NA,NA,0.324009852115292,5.99725649988568,NA,NA,NA,0.00269260218410945,0.0267929228529674,NA,NA,NA
"192",87.5126,NA,1,25.6596167334336,NA,NA,NA,0.016201736985663,NA,NA,NA,NA,NA,NA,NA,0.315981029428298,5.95828582347517,NA,NA,NA,0.00404765736088541,0.0267481413719577,NA,NA,NA
"193",87.7956,NA,1,26.6450158659381,NA,NA,NA,0.0179055698459034,NA,NA,NA,NA,NA,NA,NA,0.341168388589616,6.70740798816348,NA,NA,NA,0.00284880149417071,0.0277669997933582,NA,NA,NA
"194",88.0786,NA,1,26.0997111993889,NA,NA,NA,0.0122362842628546,NA,NA,NA,NA,NA,NA,NA,0.382799801000632,5.91662576224389,NA,NA,NA,0.00640464669159948,0.0217787795952311,NA,NA,NA
"195",88.3616,NA,1,28.5226158731864,NA,NA,NA,0.0103286527616431,NA,NA,NA,NA,NA,NA,NA,0.31076596162487,6.0433672661877,NA,NA,NA,0.00290094809660614,0.0242604441387195,NA,NA,NA
"196",88.6446,NA,1,29.6285776583191,NA,NA,NA,0.0152016689491112,NA,NA,NA,NA,NA,NA,NA,0.310858527268825,6.48842189930394,NA,NA,NA,0.00303204089497557,0.0228886003507733,NA,NA,NA
"197",88.9277,NA,1,28.2502442982148,NA,NA,NA,0.0203301154334607,NA,NA,NA,NA,NA,NA,NA,0.320523768373701,6.43859258428588,NA,NA,NA,0.00244855606039077,0.0214148583750003,NA,NA,NA
"198",89.2107,NA,1,25.8291479171667,NA,NA,NA,0.0219681082701771,NA,NA,NA,NA,NA,NA,NA,0.310786753131825,6.70002015554681,NA,NA,NA,0.00438358533535191,0.0288246132764298,NA,NA,NA
"199",89.4937,NA,1,28.3021651553627,NA,NA,NA,0.0186344814476297,NA,NA,NA,NA,NA,NA,NA,0.337903799024287,5.69954120367597,NA,NA,NA,0.00224433415689003,0.0226573465520424,NA,NA,NA
"200",89.7767,NA,1,27.4149272065777,NA,NA,NA,0.0197812900144088,NA,NA,NA,NA,NA,NA,NA,0.31603374136462,5.82665984002022,NA,NA,NA,0.00330762708695746,0.022211856736247,NA,NA,NA
"201",90.0598,NA,1,26.0438913747613,NA,NA,NA,0.0108154103925016,NA,NA,NA,NA,NA,NA,NA,0.355498232716351,5.54558564901762,NA,NA,NA,0.00489929710306442,0.0226028809974568,NA,NA,NA
"202",90.3428,NA,1,28.6601292207537,NA,NA,NA,0.00835520214195801,NA,NA,NA,NA,NA,0.00153204736991742,NA,0.301017158710824,5.90492155116655,NA,NA,NA,0.00226077242109477,0.022016891614715,NA,NA,NA
"203",90.6258,NA,1,29.9788566587958,NA,NA,NA,0.0169196933390119,NA,NA,NA,NA,NA,0.0018440258475971,NA,0.329952520443813,6.27123769160078,NA,NA,NA,0.00409326239743888,0.0248899217179922,NA,NA,NA
"204",90.9088,0.00210493147574108,1,26.392241044245,0.0157281353939338,NA,NA,0.0176222822119815,NA,NA,NA,NA,NA,0.00145689515879199,0.00281819523882852,0.31895820458099,6.24219787596903,NA,NA,NA,0.00411152980528784,0.026186387635128,NA,NA,0.00154354454703962
"205",91.1919,0.00236758836390278,1,28.1184584457973,0.0150187968511574,NA,NA,0.019259418163546,NA,NA,NA,NA,NA,0.00394503194163216,0.00387569750320075,0.305719747899959,5.88996721481399,NA,NA,NA,0.00142852626897079,0.0306729007328203,NA,NA,0.00189802118289716
"206",91.4749,0.00490917840484855,1,26.1552885932318,NA,NA,NA,0.0235951058975771,NA,NA,NA,NA,NA,0.00645202793493617,0.00743738317807137,0.294215444303749,5.81999371412942,NA,NA,NA,0.00540272040867243,0.021984332414652,NA,NA,NA
"207",91.7579,0.00435155063045177,1,31.1441114843109,NA,NA,NA,0.0153797660907919,NA,NA,NA,NA,NA,0.00647098122166036,0.00545865294201328,0.352585135070669,5.91336284866372,NA,NA,NA,0.00330605651843915,0.0301489897100142,NA,0.00178768268986117,0.00144586139526936
"208",92.0409,0.00334882337561852,1,28.5287550264081,NA,NA,NA,0.0218737748479602,NA,NA,NA,0.00248782503293082,NA,0.00868377051911547,0.00585441487642262,0.330262909878232,6.30235853499855,NA,NA,NA,0.00354575142795313,0.0269781427915783,NA,0.00163994192983999,0.00441696894317706
"209",92.324,0.00258762292347496,1,27.5461057510283,0.0280097867946928,NA,NA,0.0136074160517013,NA,0.00559624098068194,NA,0.00221267279685009,NA,0.0102047080990644,0.00714904320471595,0.294675084360023,6.44432145582627,NA,NA,NA,0.00565590040758307,0.0432935127696661,NA,NA,0.00207441597407151
"210",92.607,0.0036105536010046,1,29.6284176736484,0.0218348511914025,0.00307996501852401,NA,0.0156184771859093,NA,NA,NA,0.0043838252498751,NA,0.00741627490667737,0.00593234923454709,0.334085351652864,5.95233949117065,NA,NA,NA,0.00499412615824261,0.0285302569603787,NA,0.00400638619382968,0.00221447629763118
"211",92.89,0.00241084727554003,1,29.8532911020157,0.0254414769728139,NA,NA,0.0166397212877204,NA,NA,NA,0.00370546231403587,0.00381518315377427,0.00690674228086381,0.00605751167978088,0.305468521488568,5.68356091523838,NA,NA,NA,0.00357394926197934,0.0294575211810563,NA,0.00434695764620293,0.00430785895481732
"212",93.173,0.00662468691554419,1,27.3389636825661,0.0171809577912728,NA,NA,0.0167416638044067,NA,NA,NA,0.00201419245218238,NA,0.00957167626489251,0.00385592371945586,0.285912429038594,5.77458437032161,NA,NA,NA,0.00204244051907963,0.026829515609808,NA,0.00155227827149074,0.00336510221886159
"213",93.4561,NA,1,26.5844370625726,NA,NA,NA,0.0104269453465508,NA,NA,NA,0.0019201966144809,NA,0.00586731514686788,0.00294366417202693,0.309962631037205,5.42283010936958,NA,NA,NA,0.00361156713690218,0.023060945034699,NA,NA,NA
"214",93.7391,NA,1,27.068348253864,NA,NA,NA,0.0156855841189575,NA,NA,NA,NA,NA,0.00684777565421372,0.00434018003184525,0.318228435662533,5.87001590764802,NA,NA,NA,0.00223678672818969,0.0334902891103955,NA,NA,0.00230133507315493
"215",94.0221,0.00235189854484023,1,26.7983052695867,NA,NA,NA,0.0219663299661377,NA,NA,NA,0.00299855995981345,NA,0.00395200887465025,0.00696070895386937,0.317490428614727,5.91828729084295,NA,NA,NA,0.00288915356036923,0.0282386361388723,NA,NA,NA
"216",94.3051,0.00511258478047228,1,26.5444624729783,0.0173779637064988,NA,NA,0.0107985272104964,NA,NA,NA,NA,NA,0.00671936057380956,0.00573251953831566,0.294402386729774,5.89342913544436,NA,NA,NA,0.00208983735172664,0.0258578988582938,NA,NA,NA
"217",94.5882,0.00215520707650302,1,26.6556336644086,0.0195507308763672,NA,NA,0.0211722795619353,NA,NA,NA,NA,NA,0.00301296528429991,0.00320304443060212,0.286331975896332,6.02646652069461,NA,NA,NA,0.00309388377384899,0.0219043135626277,NA,NA,NA
"218",94.8712,NA,1,27.3012208405794,NA,NA,NA,0.0145686501218082,NA,NA,NA,NA,NA,0.00397374691599743,0.00292077418159076,0.299157483654519,5.38685738619955,NA,NA,NA,0.00471299281988858,0.032107758244362,NA,NA,NA
"219",95.1542,NA,1,28.8030234567927,NA,NA,NA,0.0181553760316274,NA,NA,NA,NA,NA,0.00516735855317952,NA,0.308740593918909,6.22799479499611,NA,NA,NA,0.00473414831067476,0.0298817465315876,NA,NA,NA
"220",95.4372,0.00302324449650303,1,27.044358654628,0.0159482416263479,NA,NA,0.0181284638004039,NA,NA,NA,NA,NA,0.00280253392549252,NA,0.287352601774704,5.4257494007815,NA,NA,NA,0.00320102683484978,0.02604777796134,NA,NA,NA
"221",95.7202,NA,1,28.6528178780466,0.0192186189929834,NA,NA,0.0143917077976057,NA,NA,NA,NA,NA,0.00226411284586866,0.00379535830121125,0.333845559376932,6.20496810929619,NA,NA,NA,0.0026135839533607,0.0281486301086856,NA,NA,NA
"222",96.0033,0.00206940286283515,1,25.5416964316259,NA,NA,NA,0.0173248401097353,NA,NA,NA,NA,NA,0.00172445766809327,0.00307552317674795,0.28259925148471,5.76477439551898,NA,NA,NA,0.00404213232010279,0.0270908433970371,NA,NA,NA
"223",96.2863,NA,1,25.9996768451472,NA,NA,NA,0.0135884170040632,NA,NA,NA,NA,NA,NA,NA,0.299577935262704,5.51067650577493,NA,NA,NA,0.00269485811038997,0.0241987387269013,NA,NA,NA
"224",96.5693,NA,1,29.0470856351013,NA,NA,NA,0.0175573197323489,NA,NA,NA,NA,NA,NA,NA,0.293624554669462,5.70929446112818,NA,NA,NA,0.00353417563759471,0.027819875278511,NA,NA,NA
"225",96.8523,NA,1,29.0512355584842,NA,NA,NA,0.0172570167576589,NA,NA,NA,NA,NA,NA,NA,0.301924790762733,5.84998219429082,NA,NA,NA,0.0034589425870495,0.0271014409104595,NA,NA,NA
"226",97.1354,NA,1,28.4269162554196,NA,NA,NA,0.0125736708994211,NA,NA,NA,NA,NA,NA,NA,0.325113046962866,5.86894395996518,NA,NA,NA,0.0032045153940623,0.0215822136146098,NA,NA,NA
"227",97.4184,NA,1,25.3704626334424,NA,NA,NA,0.0114074389698796,NA,NA,NA,NA,NA,NA,NA,0.271954183037953,5.0913832702497,NA,NA,NA,0.00224719427400808,0.0244192001569034,NA,NA,NA
"228",97.7014,NA,1,29.3283514189729,NA,NA,NA,0.015046328933237,NA,NA,NA,NA,NA,NA,NA,0.281434105462053,5.44919489861884,NA,NA,NA,0.00199558245423497,0.0315294841979392,NA,NA,NA
"229",97.9845,NA,1,26.5310478867637,NA,NA,NA,0.0129665721569398,NA,NA,NA,NA,NA,NA,NA,0.266509654033133,5.17092122614072,NA,NA,NA,0.00393518027833897,0.0233155383004056,NA,NA,NA
"230",98.2675,NA,1,26.9867879971837,NA,NA,NA,0.0128837967051057,NA,NA,NA,NA,NA,NA,NA,0.274506631022074,5.79922508143267,NA,NA,NA,0.00536111600703819,0.0275081930785138,NA,NA,NA
"231",98.5505,NA,1,25.9347833898174,NA,NA,NA,0.017688697672542,NA,NA,NA,NA,NA,NA,NA,0.273180954938997,5.7536849791424,NA,NA,NA,0.0054397978863976,0.0272015647813066,NA,NA,NA
"232",98.8335,NA,1,27.466902900562,NA,NA,NA,0.0132282520193447,NA,NA,NA,NA,NA,NA,NA,0.309093789502384,5.28694976857623,NA,NA,NA,0.00231198790871015,0.0186606004662688,NA,NA,NA
"233",99.1165,NA,1,28.3185852425605,NA,NA,NA,0.0145623028080418,NA,NA,NA,NA,NA,NA,NA,0.282547128136376,5.63026854828943,NA,NA,NA,0.00465376994187106,0.0293744016227264,NA,NA,NA
"234",99.3996,NA,1,26.6028333356053,NA,NA,NA,0.0094176505719974,NA,NA,NA,NA,NA,NA,NA,0.280397356017047,5.95890003015125,NA,NA,NA,0.00387072977506485,0.0239905876498762,NA,NA,NA
"235",99.6826,NA,1,25.2494719288235,NA,NA,NA,0.0157496972318102,NA,NA,NA,NA,NA,NA,NA,0.236024249723492,4.34239011022501,NA,NA,NA,0.0025530349396793,0.0169182214159819,NA,NA,NA
"236",99.9656,NA,1,26.7010151104825,NA,NA,NA,0.0108204634237112,NA,NA,NA,NA,NA,NA,NA,0.290125038464554,5.43247703630625,NA,NA,NA,0.00469293774505093,0.02294173845279,NA,NA,NA
"237",100.2486,NA,1,28.2642290408593,NA,NA,NA,0.0138788502848629,NA,NA,NA,NA,NA,NA,NA,0.290790935193685,5.44946660928513,NA,NA,NA,0.00376544645632433,0.0256574069439228,NA,NA,NA
"238",100.5317,NA,1,25.916726376852,NA,NA,NA,0.0149169399539528,NA,NA,NA,NA,NA,NA,NA,0.23890794441082,4.91099677430113,NA,NA,NA,0.00724536976950796,0.0232130424911998,NA,NA,NA
"239",100.8147,NA,1,27.7525033913569,NA,NA,NA,0.0140758687440846,NA,NA,NA,NA,NA,NA,NA,0.253907498871712,4.76216243652021,NA,NA,NA,0.0025892429562607,0.0248502154811491,NA,NA,NA
"240",101.0977,NA,1,29.2347944380599,NA,NA,NA,0.0155990093058191,NA,NA,NA,NA,NA,NA,NA,0.291695304830241,6.01464960625624,NA,NA,NA,0.00262755428316458,0.03007217141639,NA,NA,NA
"241",101.3807,NA,1,24.863349820979,NA,NA,NA,0.00723236945003347,NA,NA,NA,NA,NA,NA,NA,0.244578858232472,5.18852980824747,NA,NA,NA,0.00336289461330318,0.0254689090524187,NA,NA,NA
"242",101.6638,NA,1,27.0896498482701,NA,NA,NA,0.0147511239759538,NA,NA,NA,NA,NA,NA,NA,0.272752689293112,5.38786737805269,NA,NA,NA,0.00444958663416471,0.0289730559573097,NA,NA,NA
"243",101.9468,NA,1,28.9798584423205,NA,NA,NA,0.0201007195088519,NA,NA,NA,NA,NA,NA,NA,0.292497373791004,6.15068000164823,NA,NA,NA,0.00419847175418397,0.0279908796440953,NA,NA,NA
"244",102.2298,NA,1,27.7915238576384,NA,NA,NA,0.0169853742280343,NA,NA,NA,NA,NA,NA,NA,0.304664853236679,5.452138947115,NA,NA,NA,0.00191751314791395,0.0225930193962552,NA,NA,NA
"245",102.5128,NA,1,24.9964871776711,NA,NA,NA,0.013401801117473,NA,NA,NA,NA,NA,NA,NA,0.235332894046916,4.83410540542986,NA,NA,NA,0.00183335066817574,0.0306963842437389,NA,NA,NA
"246",102.7958,NA,1,26.9899792160997,NA,NA,NA,0.0102641249225416,NA,NA,NA,NA,NA,NA,NA,0.31128722373051,5.62916203852136,NA,NA,NA,0.00296082932518179,0.0258030486889716,NA,NA,NA
"247",103.0789,0.00983705089105414,1,27.574912546919,NA,NA,NA,0.0226054549821766,NA,NA,NA,NA,NA,NA,NA,0.300604142156547,5.92811094559671,NA,NA,NA,0.00531685209088944,0.0323223313315481,NA,NA,NA
"248",103.3619,NA,1,25.6443941588523,NA,NA,NA,0.016261923871172,NA,NA,NA,NA,NA,NA,NA,0.247794061092847,4.6316747065617,NA,NA,NA,0.00142160063653035,0.0255348827166589,NA,NA,NA
"249",103.6449,NA,1,25.5414656534995,NA,NA,NA,0.0166893397568223,NA,NA,NA,NA,NA,NA,NA,0.274755744513167,5.05403653519918,NA,NA,NA,0.00290739749344475,0.0236043483395987,NA,NA,NA
"250",103.9279,NA,1,27.4586430406767,NA,NA,NA,0.0122456118491548,NA,NA,NA,NA,NA,NA,NA,0.329112294404689,5.82300667631622,NA,NA,NA,0.00414225395273963,0.0315016423937063,NA,NA,NA
"251",104.211,NA,1,25.1883584013133,NA,NA,NA,0.0140720897115802,NA,NA,NA,NA,NA,NA,NA,0.243938003246274,4.40816394649673,NA,NA,NA,0.00258854780674834,0.0278140777492157,NA,NA,NA
"252",104.494,NA,1,28.0703691617759,NA,NA,NA,0.0160811465011421,NA,NA,NA,NA,NA,NA,NA,0.278421952461598,6.24833364304069,NA,NA,NA,0.00270876723892398,0.0323073224607165,NA,NA,NA
"253",104.777,NA,1,26.2632872816653,NA,NA,NA,0.0110879990988969,NA,NA,NA,NA,NA,NA,NA,0.275962058313425,5.45456986719982,NA,NA,NA,0.00298854229757814,0.0342651523830171,NA,NA,NA
"254",105.0601,NA,1,29.0142665885227,NA,NA,NA,0.0201624663560725,NA,NA,NA,NA,NA,NA,NA,0.271427339576185,5.55651518907929,NA,NA,NA,0.00131074243438305,0.0310700223892987,NA,NA,NA
"255",105.3431,NA,1,27.4312723870112,NA,NA,NA,0.0172382889280172,NA,NA,NA,NA,NA,NA,NA,0.29008237708083,5.69983367464128,NA,NA,NA,0.00454769914936165,0.0322466184321586,NA,NA,NA
"256",105.6261,NA,1,30.3892475042186,NA,NA,NA,0.017039660070407,NA,NA,NA,NA,NA,NA,NA,0.257672970750288,5.48726789445983,NA,NA,NA,0.00389149937869992,0.0260330053661544,NA,NA,NA
"257",105.9091,NA,1,28.8261911484679,NA,NA,NA,0.020802382244534,NA,NA,NA,NA,NA,NA,NA,0.284466063080092,5.21678537709884,NA,NA,NA,0.00356700627261236,0.0319897687611321,NA,NA,NA
"258",106.1921,NA,1,26.2391587175514,NA,NA,NA,0.0215869235061913,NA,NA,NA,NA,NA,NA,NA,0.246249113811669,4.87208909745426,NA,NA,NA,0.00406464116284688,0.0242393520314692,NA,NA,NA
"259",106.4752,NA,1,31.5262910988066,NA,NA,NA,0.0145278748985287,NA,NA,NA,NA,NA,NA,NA,0.313000418744589,5.66626002829028,NA,NA,NA,0.00417913090789888,0.0344096563664507,NA,NA,NA
"260",106.7582,NA,1,25.3265122952792,NA,NA,NA,0.012556803118648,NA,NA,NA,NA,NA,NA,0.00307438574088051,0.25994349339509,5.24708922804381,NA,NA,NA,0.00424751886575459,0.0253299371143555,NA,NA,NA
"261",107.0412,NA,1,27.7151781741037,NA,NA,NA,0.021384386291379,NA,NA,NA,NA,NA,NA,NA,0.295199492446527,4.75340555027439,NA,NA,NA,0.00629500932860173,0.0307706370844553,NA,NA,NA
"262",107.3242,NA,1,26.7523962566957,NA,NA,NA,0.0162952699469014,NA,NA,NA,NA,NA,NA,NA,0.271000369730629,5.27886908764239,NA,NA,NA,0.00460426695087998,0.0279001195493998,NA,NA,NA
"263",107.6073,NA,1,24.7256651657163,NA,NA,NA,0.0120163324856751,NA,NA,NA,NA,NA,NA,NA,0.281155111078267,4.52126040436693,NA,NA,NA,0.00394328653699289,0.026647309837399,NA,NA,NA
"264",107.8903,NA,1,21.8857345588482,NA,NA,NA,0.0144804181324601,NA,NA,NA,NA,NA,NA,NA,0.265374865390353,4.34350435597047,NA,NA,NA,0.00330702243665345,0.0241766848967062,NA,NA,NA
"265",108.1733,NA,1,25.6500630961951,NA,NA,NA,0.0178727289023413,NA,NA,NA,NA,NA,NA,NA,0.274772594673928,4.88315663605368,NA,NA,NA,0.00405282274069117,0.0287375712860399,NA,NA,NA
"266",108.4563,NA,1,24.4696243387696,NA,NA,NA,0.0174909190703875,NA,NA,NA,NA,NA,NA,NA,0.275186556063842,5.31085210933035,NA,NA,NA,0.00667711258120909,0.0330151378722299,NA,NA,NA
"267",108.7394,NA,1,24.9732512649094,0.0141687731882599,NA,NA,0.0170644582459129,NA,NA,NA,NA,NA,NA,NA,0.239489261346811,4.64602473916529,NA,NA,NA,0.00284386355907665,0.0244303197310752,NA,NA,NA
"268",109.0224,NA,1,29.5414396693048,NA,NA,NA,0.0198378235261927,NA,NA,NA,NA,NA,NA,NA,0.310234078919449,5.47128134393617,NA,NA,NA,0.00616783367050706,0.0279013501484659,NA,NA,NA
"269",109.3054,NA,1,25.3259771147823,NA,NA,NA,0.0097235053039989,NA,NA,NA,NA,NA,NA,NA,0.262419987263644,5.48359420551786,NA,NA,NA,0.00444389658369555,0.0374227358379541,NA,NA,NA
"270",109.5884,NA,1,25.5665872782436,NA,NA,NA,0.0133260138359506,NA,NA,NA,NA,NA,NA,NA,0.255905794770838,4.87197408739027,NA,NA,NA,0.00468748964638776,0.0277787459634596,NA,NA,NA
"271",109.8714,NA,1,28.0858948335237,NA,NA,NA,0.0197666813641407,NA,NA,NA,NA,NA,NA,NA,0.267950294069435,5.42771495267511,NA,NA,NA,0.00387837784251241,0.0403839115306897,NA,NA,NA
"272",110.1545,NA,1,25.4229386076358,NA,NA,NA,0.0200166011973912,NA,NA,NA,NA,NA,NA,NA,0.275503306662153,5.03114471931963,NA,NA,NA,0.00400710928417017,0.0281035230153984,NA,NA,NA
"273",110.4375,NA,1,27.89926142599,NA,NA,NA,0.0189293221723824,NA,NA,NA,NA,NA,NA,NA,0.270627065098479,4.82106962546,NA,NA,NA,0.0028359773419024,0.0340041476941381,NA,NA,NA
"274",110.7205,NA,1,27.2299004815809,NA,NA,NA,0.0104807607403782,NA,NA,NA,NA,NA,NA,NA,0.264996809520879,5.23194957426403,NA,NA,NA,0.00454005317226428,0.0264700867816198,NA,NA,NA
"275",111.0035,NA,1,28.9368895369967,NA,NA,NA,0.0192126554486485,NA,NA,NA,NA,NA,NA,NA,0.325078038566354,5.49512849373346,NA,NA,NA,0.00461600420511106,0.0419583427312825,NA,NA,NA
"276",111.2866,NA,1,30.1475380521346,NA,NA,NA,0.0146212160924405,NA,NA,NA,NA,NA,NA,NA,0.327390745071447,5.9182643391089,NA,NA,NA,0.00631933367843744,0.0336814706202793,NA,NA,NA
"277",111.5696,0.00208092939528594,1,26.7843660417271,NA,NA,NA,0.0174213391217528,NA,NA,NA,NA,NA,NA,NA,0.241490281759977,4.56848552378893,NA,NA,NA,0.00406464691607384,0.0306268592697095,NA,NA,NA
"278",111.8526,NA,1,25.1325723413961,NA,NA,NA,0.0162233915683093,NA,NA,NA,NA,NA,NA,NA,0.278033494994147,5.50477979340352,NA,NA,NA,0.00465913370887586,0.0313734461541854,NA,NA,NA
"279",112.1357,NA,1,28.8923310453482,NA,NA,NA,0.0184848834245958,NA,NA,NA,NA,NA,NA,NA,0.316393903583457,5.79287483443276,NA,NA,NA,0.00539362462524978,0.0337663184258549,NA,NA,NA
"280",112.4187,NA,1,28.2746199954461,NA,NA,NA,0.011575629518997,NA,NA,NA,NA,NA,NA,NA,0.260429552541825,5.24351298375946,NA,NA,NA,0.00391562281421035,0.0375844662703525,NA,NA,NA
"281",112.7017,0.0021370228217442,1,26.4283213869543,NA,NA,NA,0.0173738408648947,NA,NA,NA,NA,NA,NA,NA,0.269911613858218,4.95956618321593,NA,NA,NA,0.0052806913461032,0.032611302359014,NA,NA,NA
"282",112.9847,NA,1,27.6605375151611,NA,NA,NA,0.0197914570377136,NA,NA,NA,NA,NA,NA,NA,0.224333739313478,4.51813007564441,NA,NA,NA,0.00268347394902568,0.0235339869941554,NA,NA,NA
"283",113.2677,NA,1,29.5518085143544,NA,NA,NA,0.0196045340367592,NA,NA,NA,NA,NA,NA,NA,0.257412001515611,5.70712357455366,NA,NA,NA,0.00474278702244276,0.0377371125262146,NA,NA,NA
"284",113.5508,NA,1,28.0644460638787,NA,NA,NA,0.0151434389578472,NA,NA,NA,NA,NA,NA,NA,0.259037375029513,5.98528489084436,NA,NA,NA,0.00365224935123123,0.0327542491587254,NA,NA,NA
"285",113.8338,NA,1,24.8405432006939,NA,NA,NA,0.0163129848353681,NA,NA,NA,NA,NA,NA,NA,0.277981597913241,5.50496066229627,NA,NA,NA,0.00328369901901289,0.0318639471670235,NA,NA,NA
"286",114.1168,NA,1,27.1314909870664,NA,NA,NA,0.0180085853223517,NA,NA,NA,NA,NA,NA,NA,0.277508353004101,4.91768850567359,NA,NA,NA,0.00308795098804523,0.0379587196290989,NA,NA,NA
"287",114.3998,NA,1,27.7655201479628,NA,NA,NA,0.014882722987123,NA,NA,NA,NA,NA,NA,NA,0.26116328523853,5.04820424232894,NA,NA,NA,0.00204539816054778,0.0296579979370206,NA,NA,NA
"288",114.6829,NA,1,30.2079317714881,NA,NA,NA,0.0148660295010318,NA,NA,NA,NA,NA,NA,NA,0.265087566299425,5.13411152801722,NA,NA,NA,0.00379410640723852,0.0329929282552627,NA,NA,NA
"289",114.9659,NA,1,28.8969231914349,NA,NA,NA,0.0142694584174356,NA,NA,NA,NA,NA,NA,NA,0.262092972126264,5.47431928168797,NA,NA,NA,0.0028299224063848,0.0316567783132607,NA,NA,NA
"290",115.2489,NA,1,25.591523716743,NA,NA,NA,0.0137086822076339,NA,NA,NA,NA,NA,NA,NA,0.274154109653881,5.00022317854139,NA,NA,NA,0.00333918205385014,0.0298282082686782,NA,NA,NA
"291",115.5319,NA,1,25.0878881198125,NA,NA,NA,0.00970230261978334,NA,NA,NA,NA,NA,NA,NA,0.313401545763872,5.20491228420759,NA,NA,NA,0.00562983727941486,0.040698376292937,NA,NA,NA
"292",115.815,NA,1,29.7231673490929,NA,NA,NA,0.0175044564615391,NA,NA,NA,NA,NA,NA,NA,0.262584758959399,5.42279589161059,NA,NA,NA,0.00640283516378845,0.0271259090503239,NA,NA,NA
"293",116.098,NA,1,30.9768455210291,NA,NA,NA,0.0140229409579776,NA,NA,NA,NA,NA,NA,0.00303100892717634,0.3091576963855,5.08085056765426,NA,NA,NA,0.00512531062358791,0.0313553775008531,NA,NA,NA
"294",116.381,NA,1,28.5632395253804,NA,NA,NA,0.0164259166352074,NA,NA,NA,NA,NA,NA,NA,0.262510609490758,5.69681265358421,NA,NA,NA,0.00594154067784879,0.0357797922009232,NA,NA,NA
"295",116.664,NA,1,28.764614344262,NA,NA,NA,0.0136968723362594,NA,NA,NA,NA,NA,NA,0.00365258253307146,0.249699734919707,5.37919223173453,NA,NA,NA,0.00634252054037929,0.0306313457257206,NA,NA,NA
"296",116.947,NA,1,34.3065964266805,NA,NA,NA,0.0185593799741194,NA,NA,NA,NA,NA,NA,NA,0.311074345130739,5.56243699043799,NA,NA,NA,0.00675218462717918,0.0330928082479866,NA,NA,NA
"297",117.2301,NA,1,24.7580905922923,NA,NA,NA,0.0174976646089123,NA,NA,NA,NA,NA,NA,NA,0.238124492534383,4.95634690186295,NA,NA,NA,0.00420396304041583,0.0389133776251404,NA,NA,NA
"298",117.5131,NA,1,30.6644579761886,NA,NA,NA,0.0231252738896362,NA,NA,NA,NA,NA,NA,NA,0.302682873406593,6.29908910419493,NA,NA,NA,0.00679197739242697,0.0397523923182242,NA,NA,NA
"299",117.7961,NA,1,27.6389857973724,NA,NA,NA,0.0166801854873097,NA,NA,NA,NA,NA,NA,NA,0.260158946056218,5.34622822927624,NA,NA,NA,0.00510033915813898,0.0434205542049197,NA,NA,NA
"300",118.0791,NA,1,25.23131678841,NA,NA,NA,0.0101408069073407,NA,NA,NA,NA,NA,NA,NA,0.250299383172339,4.61095114229033,NA,NA,NA,0.00460602595959362,0.0292817562499725,NA,NA,NA
"301",118.3622,NA,1,27.4083759799146,NA,NA,NA,0.0193737111966679,NA,NA,NA,NA,NA,NA,NA,0.29657064778059,5.30563053971565,NA,NA,NA,0.00283643783276015,0.0345749914923128,NA,NA,NA
"302",118.6452,NA,1,26.8521740341306,NA,NA,NA,0.0248776906637871,NA,NA,NA,NA,NA,NA,NA,0.247081399258905,4.7035935554082,NA,NA,NA,0.00460005856093683,0.0325493861360157,NA,NA,NA
"303",118.9282,NA,1,24.7351044726721,NA,NA,NA,0.0102209622634998,NA,NA,NA,NA,NA,NA,NA,0.256443709048503,4.72225330403225,NA,NA,NA,0.00443606061979556,0.0351496305637204,NA,NA,NA
"304",119.2113,NA,1,27.4513171251235,NA,NA,NA,0.0165332733444203,NA,NA,NA,NA,NA,NA,NA,0.294759784898601,5.44421859746692,NA,NA,NA,0.00413048462712931,0.0372246830019484,NA,NA,NA
"305",119.4943,NA,1,23.7508082656606,NA,NA,NA,0.0122731287412885,NA,NA,NA,NA,NA,NA,NA,0.224033533304024,4.05809430551767,NA,NA,NA,0.00264028416286202,0.0316332451090754,NA,NA,NA
"306",119.7773,NA,1,25.5667027444395,NA,NA,NA,0.00950936536370263,NA,NA,NA,NA,NA,NA,NA,0.236571608365223,4.69227929585743,NA,NA,NA,0.0045929510586178,0.0314121372376195,NA,NA,NA
"307",120.0603,NA,1,26.0109909503757,NA,NA,NA,0.0279415978424812,NA,NA,NA,NA,NA,NA,NA,0.2885949289123,5.17546455546256,NA,NA,NA,0.0058713297407594,0.0341972889432843,NA,NA,NA
"308",120.3433,NA,1,29.5250142432468,NA,NA,NA,0.0176349028466863,NA,NA,NA,NA,NA,NA,0.0038907257145373,0.277762447520561,5.22596250922249,NA,NA,NA,0.00465233138914418,0.033246850575869,NA,NA,NA
"309",120.6264,NA,1,28.6116150625599,NA,NA,NA,0.0134581379712259,NA,NA,NA,NA,NA,NA,NA,0.293645543934338,4.97647186903124,NA,NA,NA,0.00606791389563361,0.0354543681215609,NA,NA,NA
"310",120.9094,NA,1,25.6747597733531,NA,NA,NA,0.0267771134428931,NA,NA,NA,NA,NA,NA,NA,0.305953810759581,6.29867523503073,NA,NA,NA,0.00366489390574726,0.0338051099150197,NA,NA,NA
"311",121.1924,NA,1,27.1636037860605,NA,NA,NA,0.0212601519551973,NA,NA,NA,NA,NA,NA,NA,0.245112266028114,5.76712409502567,NA,NA,NA,0.00319767376575338,0.0314277581966517,NA,NA,NA
"312",121.4754,0.00232136083937412,1,25.6748081374729,NA,NA,NA,0.012132229348768,NA,NA,NA,NA,NA,NA,NA,0.290548796387401,5.31409241569855,NA,NA,NA,0.00549580588669497,0.0419708895249334,NA,NA,NA
"313",121.7585,NA,1,25.2352817028191,NA,NA,NA,0.0190407448455443,NA,NA,NA,NA,NA,NA,NA,0.286286154098409,5.43815057135101,NA,NA,NA,0.00656217345491031,0.0376673100971646,NA,NA,NA
"314",122.0415,NA,1,24.8717442468483,NA,NA,NA,0.0166693656428981,NA,NA,NA,NA,NA,NA,NA,0.271339807212569,5.54648537009315,NA,NA,NA,0.00533251705879783,0.0299527235280572,NA,NA,NA
"315",122.3245,0.00226453573729978,1,30.7383384190498,NA,NA,NA,0.0145748873752138,NA,NA,NA,NA,NA,NA,NA,0.302147587769815,4.94220076704036,NA,NA,NA,0.00536127284676637,0.0311188406020168,NA,NA,NA
"316",122.6075,NA,1,27.0042959582864,NA,NA,NA,0.0149235102139458,NA,NA,NA,NA,NA,NA,NA,0.285441484146541,5.11078816872443,NA,NA,NA,0.00709096636764231,0.0320234763232404,NA,NA,NA
"317",122.8906,NA,1,29.3135832105149,NA,NA,NA,0.0126272232469108,NA,NA,NA,NA,NA,NA,NA,0.301193653237988,5.38568239294967,NA,NA,NA,0.00568154103641512,0.0392766095423262,NA,NA,NA
"318",123.1736,0.0025633751916764,1,27.4535761446406,NA,NA,NA,0.0176584325209615,NA,NA,NA,NA,NA,NA,NA,0.255765040777106,5.59689832609733,NA,NA,NA,0.005455080860372,0.0370551114364531,NA,NA,NA
"319",123.4566,NA,1,25.4730265532082,NA,NA,NA,0.0105164992174995,NA,NA,NA,NA,NA,NA,NA,0.24975027674375,5.43034527031585,NA,NA,NA,0.0041547917758857,0.0299736083864723,NA,NA,NA
"320",123.7396,NA,1,26.7294862901696,NA,NA,NA,0.0159488055514123,NA,NA,NA,NA,NA,NA,NA,0.304178912641872,4.97084187940593,NA,NA,NA,0.00580241795880497,0.0266283226608611,NA,NA,NA
"321",124.0226,NA,1,27.0206311748041,NA,NA,NA,0.0105200191824735,NA,NA,NA,NA,NA,NA,NA,0.24373062818322,5.24807332463367,NA,NA,NA,0.00499681235305991,0.0349549892669309,NA,NA,NA
"322",124.3057,NA,1,26.8209235659438,NA,NA,NA,0.010852593832768,NA,NA,NA,NA,NA,NA,NA,0.279963172119267,5.12320697049559,NA,NA,NA,0.00560573316738082,0.0370047162182553,NA,NA,NA
"323",124.5887,NA,1,28.4694429857667,NA,NA,NA,0.0151737982445734,NA,NA,NA,NA,NA,NA,NA,0.254173978862211,5.93253823895301,NA,NA,NA,0.0044274973225747,0.0423896385018814,NA,NA,NA
"324",124.8717,NA,1,28.3213863671515,NA,NA,NA,0.0224482566115689,NA,NA,NA,NA,NA,NA,NA,0.270876707453643,5.21038781191016,NA,NA,NA,0.00292062152335556,0.0405366543884777,NA,NA,NA
"325",125.1547,NA,1,28.6077430489234,NA,NA,NA,0.0183263293427281,NA,NA,NA,NA,NA,NA,NA,0.285548393194209,5.2403292543382,NA,NA,NA,0.00618510855522394,0.039435806325095,NA,NA,NA
"326",125.4378,NA,1,27.7054218626832,NA,NA,NA,0.0180783131862017,NA,NA,NA,NA,NA,NA,NA,0.299143228440141,4.73924728064562,NA,NA,NA,0.00525579670994967,0.043553027883117,NA,NA,NA
"327",125.7208,NA,1,31.2044809137391,NA,NA,NA,0.0146448348703315,NA,NA,NA,NA,NA,NA,NA,0.275431824545331,4.832682164791,NA,NA,NA,0.00588691161111585,0.0396404503476033,NA,NA,NA
"328",126.0038,NA,1,26.2399680406456,NA,NA,NA,0.0213538497457612,NA,NA,NA,NA,NA,NA,0.00284028481686972,0.251325341833599,5.0558819686198,NA,NA,NA,0.00436344653655359,0.0330636241074648,NA,NA,NA
"329",126.2868,NA,1,29.5904423176675,NA,NA,NA,0.0178266017409763,NA,NA,NA,NA,NA,NA,NA,0.285119335390198,5.71878124006889,NA,NA,NA,0.00511646941061141,0.0320365858871554,NA,NA,NA
"330",126.5699,NA,1,31.5597788971774,NA,NA,NA,0.0140452044401539,NA,NA,NA,NA,NA,NA,0.00350689645160973,0.26745367399938,5.42100052182677,NA,NA,NA,0.00412038690464323,0.03396141792188,NA,NA,NA
"331",126.8529,NA,1,29.5578501314441,NA,NA,NA,0.0119941544638253,NA,NA,NA,NA,NA,NA,NA,0.299338010810243,5.53844438820045,NA,NA,NA,0.00424503967350395,0.0362657241773649,NA,NA,NA
"332",127.1359,NA,1,25.3680023436697,NA,NA,NA,0.0190808363689713,NA,NA,NA,NA,NA,NA,NA,0.29810224113417,4.94270179078061,NA,NA,NA,0.00531345269368795,0.035306296378772,NA,NA,NA
"333",127.4189,NA,1,30.7967182523248,NA,NA,NA,0.0246441146177458,NA,NA,NA,NA,NA,NA,NA,0.319011665522681,5.35909483320922,NA,NA,NA,0.00635237283022074,0.045252068667092,NA,NA,NA
"334",127.702,NA,1,25.2738930341097,NA,NA,NA,0.0169582825475608,NA,NA,NA,NA,NA,NA,NA,0.292879859948761,4.83845608315505,NA,NA,NA,0.00493837333434068,0.0349986907230259,NA,NA,NA
"335",127.985,NA,1,28.3152629396844,NA,NA,NA,0.0106080100366725,NA,NA,NA,NA,NA,NA,NA,0.282835496751007,5.79986168822111,NA,NA,NA,0.00552730711514285,0.0423836651020007,NA,NA,NA
"336",128.268,NA,1,26.1114844340897,NA,NA,NA,0.0113912696729552,NA,NA,NA,NA,NA,NA,NA,0.257171868800536,5.50850512175482,NA,NA,NA,0.00428468769708965,0.0311112461747261,NA,NA,NA
"337",128.551,NA,1,29.3067013633784,NA,NA,NA,0.0222163599181299,NA,NA,NA,NA,NA,NA,NA,0.292697376320053,6.06514291146906,NA,NA,NA,0.00557193543152941,0.0393580113257346,NA,NA,NA
"338",128.8341,NA,1,27.932130536773,NA,NA,NA,0.0156417364122589,NA,NA,NA,NA,NA,NA,NA,0.321281868794758,5.66358707297645,NA,NA,NA,0.0038136130012847,0.0385392937813942,NA,NA,NA
"339",129.1171,NA,1,24.3762602506166,NA,NA,NA,0.0173138880614083,NA,NA,NA,NA,NA,NA,NA,0.27334130438608,4.94351475725272,NA,NA,NA,0.00455052973437346,0.036341377593225,NA,NA,NA
"340",129.4001,NA,1,27.8133180181986,NA,NA,NA,0.0103544931129275,NA,NA,NA,NA,NA,NA,NA,0.268923583382253,4.81662159467903,NA,NA,NA,0.00403865697479548,0.0307137923513141,NA,NA,NA
"341",129.6831,NA,1,24.5745414569325,NA,NA,NA,0.0192499673122835,NA,NA,NA,NA,NA,NA,NA,0.266494422269323,4.99896442602517,NA,NA,NA,0.00627173235972037,0.0350570739104558,NA,NA,NA
"342",129.9662,NA,1,27.2643603000137,NA,NA,NA,0.0181477757172121,NA,NA,NA,NA,NA,NA,NA,0.242610552726065,4.95367192913161,NA,NA,NA,0.00445861625561836,0.0401332589511471,NA,NA,NA
"343",130.2492,NA,1,29.7109854715737,NA,NA,NA,0.0125736708994211,NA,NA,NA,NA,NA,NA,NA,0.272686548709416,6.42764849057696,NA,NA,NA,0.00494840244203934,0.0346258912951671,NA,NA,NA
"344",130.5322,NA,1,23.3596956463872,NA,NA,NA,0.0100728549855673,NA,NA,NA,NA,NA,NA,0.00300340789395918,0.236247850288425,5.19776328747469,NA,NA,NA,0.00415662878418028,0.0352228215134572,NA,NA,NA
"345",130.8152,NA,1,27.3666950193884,NA,NA,NA,0.0133406545326805,NA,NA,NA,NA,NA,NA,NA,0.295533245971389,5.80273353777558,NA,NA,NA,0.00437787681691605,0.045872399140655,NA,NA,NA
"346",131.0983,NA,1,33.0277023611585,NA,NA,NA,0.0222455978220785,NA,NA,NA,NA,NA,NA,NA,0.325599796592563,5.61334631289356,NA,NA,NA,0.00489898424897479,0.0397050030301227,NA,NA,NA
"347",131.3813,NA,1,25.3656754821391,NA,NA,NA,0.014828990566563,NA,NA,NA,NA,NA,NA,NA,0.304292809607726,5.17469831891825,NA,NA,NA,0.00640278844748787,0.0412535989619027,NA,NA,NA
"348",131.6643,NA,1,28.8506225339176,NA,NA,NA,0.0199549348274832,NA,NA,NA,NA,NA,NA,0.00432249876903735,0.276980629444473,5.13596738087152,NA,NA,NA,0.00385223782285877,0.0356206489274897,NA,NA,NA
"349",131.9473,NA,1,26.1044314920938,NA,NA,NA,0.00889317948589144,NA,NA,NA,NA,NA,NA,NA,0.266189845365721,5.16796938283873,NA,NA,NA,0.00385978171967423,0.0314407074732585,NA,NA,NA
"350",132.2303,NA,1,31.5866105925118,NA,NA,NA,0.00991193193180019,NA,NA,NA,NA,NA,NA,NA,0.29132257512908,5.63665315586458,NA,NA,NA,0.0047873876455393,0.0365284514095274,NA,NA,NA
"351",132.5134,NA,1,29.132750875932,NA,NA,NA,0.0173564419267422,NA,NA,NA,NA,NA,NA,NA,0.286728745380081,5.46926133745094,NA,NA,NA,0.00457886954533543,0.0360269615143219,NA,NA,NA
"352",132.7964,NA,1,27.1927494454146,NA,NA,NA,0.0204095443582155,NA,NA,NA,NA,NA,NA,NA,0.259314863668796,5.39890767932381,NA,NA,NA,0.00274232072871199,0.0364089568194045,NA,NA,NA
"353",133.0794,NA,1,24.6189218735822,NA,NA,NA,0.0120394153021683,NA,NA,NA,NA,NA,NA,NA,0.272398896785865,4.74522067826458,NA,NA,NA,0.00796973555922976,0.0379076377011421,NA,NA,NA
"354",133.3624,NA,1,25.7671930914434,NA,NA,NA,0.0158010666027179,NA,NA,NA,NA,NA,NA,NA,0.279577391841118,5.10864293658091,NA,NA,NA,0.00461052525872203,0.035113151058117,NA,NA,NA
"355",133.6455,NA,1,26.8275713494538,NA,NA,NA,0.0137654364590997,NA,NA,NA,NA,NA,NA,NA,0.273178812244569,5.35132807445004,NA,NA,NA,0.00506352185180961,0.038901605059791,NA,NA,NA
"356",133.9285,NA,1,23.764968735065,NA,NA,NA,0.00771356240852063,NA,NA,NA,NA,NA,NA,NA,0.257229333606802,5.7354055992562,NA,NA,NA,0.00420320694806683,0.0311845064430807,NA,NA,NA
"357",134.2115,NA,1,26.8190947346911,NA,NA,NA,0.0092692311452919,NA,NA,NA,NA,NA,NA,NA,0.295089401577004,5.98538128732421,NA,NA,NA,0.00546355367949507,0.0349661626804104,NA,NA,NA
"358",134.4945,NA,1,26.8460752380065,NA,NA,NA,0.0164515706750153,NA,NA,NA,NA,NA,NA,NA,0.268696036779459,5.00284800831073,NA,NA,NA,0.00264317814185995,0.0305011579962421,NA,NA,NA
"359",134.7776,0.00316601205508846,1,29.6592456044063,NA,NA,NA,0.0252002401250528,NA,NA,NA,NA,NA,NA,NA,0.287285102748424,5.11884553800968,NA,NA,NA,0.00480302115121875,0.0358879344941443,NA,NA,NA
"360",135.0606,NA,1,24.6344968921713,NA,NA,NA,0.0107100617316588,NA,NA,NA,NA,NA,NA,NA,0.256088107048114,5.09572325821973,NA,NA,NA,0.0075347744438792,0.0299933587084157,NA,NA,NA
"361",135.3436,NA,1,25.8132335350393,NA,NA,NA,0.0135767808082921,NA,NA,NA,NA,NA,NA,NA,0.228285384195516,4.54983689930232,NA,NA,NA,0.00652327518067648,0.0358514337773952,NA,NA,NA
"362",135.6266,NA,1,25.7214564383122,NA,NA,NA,0.0134248740566513,NA,NA,NA,NA,NA,NA,0.00401665209042837,0.295792229280277,4.88424769647106,NA,NA,NA,0.00510619304075123,0.0429810299801485,NA,NA,NA
"363",135.9097,NA,1,30.5937373392696,NA,NA,NA,0.0184740553051727,NA,NA,NA,NA,NA,NA,NA,0.294741676634531,4.9064434699828,NA,NA,NA,0.00408176618627671,0.0353495249660842,NA,NA,NA
"364",136.1927,NA,1,28.8780069603657,NA,NA,NA,0.020008285811055,NA,NA,NA,NA,NA,NA,NA,0.285359182972976,5.24481881665293,NA,NA,NA,0.00488102860404762,0.0359479796032786,NA,NA,NA
"365",136.4757,NA,1,24.5755274456673,NA,NA,NA,0.0127912950103847,NA,NA,NA,NA,NA,NA,NA,0.265233027843437,5.45573943013167,NA,NA,NA,0.00510283040528918,0.0420411505458944,NA,NA,NA
"366",136.7587,NA,1,28.4550888014563,NA,NA,NA,0.019131595349328,NA,NA,NA,NA,NA,NA,NA,0.290012531246704,5.94012856416739,NA,NA,NA,0.00525824937086245,0.0430479510049062,NA,NA,NA
"367",137.0418,NA,1,25.0702312722545,0.0151396746055166,NA,NA,0.00931824284054435,NA,NA,NA,NA,NA,NA,NA,0.253841601958563,4.52129983641255,NA,NA,NA,0.00704605497407177,0.0277787459634596,NA,NA,NA
"368",137.3248,NA,1,29.6973439163315,NA,NA,NA,0.0156212555850892,NA,NA,NA,NA,NA,NA,NA,0.260360547864123,5.46409708457634,NA,NA,NA,0.00534433759852495,0.0447323209306196,NA,NA,NA
"369",137.6078,NA,1,29.239183497319,NA,NA,NA,0.00622868909232746,NA,NA,NA,NA,NA,NA,NA,0.27608131942082,5.66223050728712,NA,NA,NA,0.00420211212064791,0.0362730743059602,NA,NA,NA
"370",137.8908,NA,1,27.646046526554,NA,NA,NA,0.0127503856949872,NA,NA,NA,NA,NA,NA,NA,0.282542457001941,6.46888282082732,NA,NA,NA,0.00455443974304907,0.0421575146804063,NA,NA,NA
"371",138.1738,NA,1,24.6011173767023,NA,NA,NA,0.0122514127786417,NA,NA,NA,NA,NA,NA,NA,0.265373449413148,4.90302222478322,NA,NA,NA,0.00470372331597156,0.0304933877382197,NA,NA,NA
"372",138.4569,NA,1,24.4465217573749,NA,NA,NA,0.0123931319394587,NA,NA,NA,NA,NA,NA,NA,0.242443366713039,5.19566355365261,NA,NA,NA,0.00494399123983058,0.0324850180449508,NA,NA,NA
"373",138.7399,NA,1,23.9857322285904,NA,NA,NA,0.0123468553296309,NA,NA,NA,NA,NA,NA,NA,0.252834359211534,4.79407225630423,NA,NA,NA,0.00534057935721382,0.038179523666977,NA,NA,NA
"374",139.0229,NA,1,27.4897031773256,NA,NA,NA,0.0252456222284659,NA,NA,NA,NA,NA,NA,NA,0.268725401472782,5.57622263334481,NA,NA,NA,0.00450838538322921,0.0377280430678853,NA,NA,NA
"375",139.306,NA,1,25.0558810854452,NA,NA,NA,0.0114358914843063,NA,NA,NA,NA,NA,NA,NA,0.271955590380959,4.53339801116027,NA,NA,NA,0.00454862020059129,0.0314029052721415,NA,NA,NA
"376",139.589,NA,1,22.81627646415,NA,NA,NA,0.0114023195318902,NA,NA,NA,NA,NA,NA,NA,0.23267406317656,5.24848105933769,NA,NA,NA,0.0033450540561333,0.0369212607474865,NA,NA,NA
"377",139.872,NA,1,31.6834211393873,NA,NA,NA,0.0132687563569074,NA,NA,NA,NA,NA,NA,NA,0.303787407237419,5.33390577218105,NA,NA,NA,0.00527764130016261,0.0444159289497481,NA,NA,NA
"378",140.155,NA,1,28.3738972676657,NA,NA,NA,0.0120532525918061,NA,NA,NA,NA,NA,NA,NA,0.286245746631801,5.19934230303919,NA,NA,NA,0.0033924487993663,0.0384179510078067,NA,NA,NA
"379",140.438,NA,1,26.8185727328549,NA,NA,NA,0.0159978846828141,NA,NA,NA,NA,NA,NA,NA,0.284084949652115,5.55504731890959,NA,NA,NA,0.00547318979204461,0.039290497509108,NA,NA,NA
"380",140.7211,0.00212775561741788,1,26.2788169053209,NA,NA,NA,0.0167836346159723,NA,NA,NA,NA,NA,NA,NA,0.252680636705711,5.33020337193411,NA,NA,NA,0.00547813638230114,0.0384704499360729,NA,NA,NA
"381",141.0041,NA,1,27.1348600794819,NA,NA,NA,0.0152832225683226,NA,NA,NA,NA,NA,NA,NA,0.252839971440889,4.69332744012602,NA,NA,NA,0.00362781137347666,0.0377748686449811,NA,NA,NA
"382",141.2871,NA,1,30.0203973338575,NA,NA,NA,0.0153948420890007,NA,NA,NA,NA,NA,NA,NA,0.240474757101006,5.63232301758729,NA,NA,NA,0.0061582923793291,0.0450632096580223,NA,NA,NA
"383",141.5701,NA,1,33.1971031089179,NA,NA,NA,0.0206438932303252,NA,NA,NA,NA,NA,NA,NA,0.314203491439292,6.90911984341423,NA,NA,NA,0.00680052270932708,0.0423296811223957,NA,NA,NA
"384",141.8532,NA,1,27.6506149386357,NA,NA,NA,0.0184413990023114,NA,NA,NA,NA,NA,NA,NA,0.248684023445075,4.77989414141103,NA,NA,NA,0.00601922653386134,0.0430311369862964,NA,NA,NA
"385",142.1362,NA,1,28.404711558283,NA,NA,NA,0.0134812652124821,NA,NA,NA,NA,NA,NA,NA,0.289610950134158,5.90260395065855,NA,NA,NA,0.007623804163075,0.0370867045775413,NA,NA,NA
"386",142.4192,NA,1,24.454635534795,NA,NA,NA,0.0185138767326212,NA,NA,NA,NA,NA,NA,NA,0.276974277275851,4.88013823616614,NA,NA,NA,0.00486591724929202,0.0372281195895078,NA,NA,NA
"387",142.7022,NA,1,28.4843893890235,NA,NA,NA,0.0142545205880186,NA,NA,NA,NA,NA,NA,NA,0.292981622617031,6.15476428870472,NA,NA,NA,0.00639020144213595,0.0398032642479471,NA,NA,NA
"388",142.9853,NA,1,24.8449346870959,NA,NA,NA,0.00977020645916312,NA,NA,NA,NA,NA,NA,NA,0.2314548317054,4.82063781427161,NA,NA,NA,0.00445075515052547,0.0336729120461996,NA,NA,NA
"389",143.2683,NA,1,27.5217614688632,NA,NA,NA,0.0143620107259372,NA,NA,NA,NA,NA,NA,NA,0.276667697092842,5.92933109823059,NA,NA,NA,0.00572943591355709,0.0439335987534145,NA,NA,NA
"390",143.5513,NA,1,28.21677674582,NA,NA,NA,0.0170978435841979,NA,NA,NA,NA,NA,NA,0.00332339776081829,0.326731216379839,5.55189255762559,NA,NA,NA,0.00737834744725345,0.0341245825463234,NA,NA,NA
"391",143.8343,NA,1,26.3350090014108,NA,NA,NA,0.0137160423965831,NA,NA,NA,NA,NA,NA,NA,0.273652836794563,4.86423802759701,NA,NA,NA,0.0068873478611537,0.0346649974294357,NA,NA,NA
"392",144.1174,NA,1,26.8099602928075,NA,NA,NA,0.0105719010155851,NA,NA,NA,NA,NA,NA,NA,0.247908284613215,5.3269217369899,NA,NA,NA,0.00481596198531011,0.0361941333453825,NA,NA,NA
"393",144.4004,NA,1,29.612039660259,NA,NA,NA,0.015105274361864,NA,NA,NA,NA,NA,NA,NA,0.333714487590602,5.79398744222584,NA,NA,NA,0.0075411665921541,0.0485882463319062,NA,NA,NA
"394",144.6834,NA,1,27.9478165507555,NA,NA,NA,0.0157794432759601,NA,NA,NA,NA,NA,NA,NA,0.284025247176008,5.59279382768314,NA,NA,NA,0.00523971364942439,0.0449534283730491,NA,NA,NA
"395",144.9664,0.00223110937846788,1,29.0521032465285,NA,NA,NA,0.0138199307328917,NA,NA,NA,NA,NA,NA,NA,0.279888236937182,5.44632622908439,NA,NA,NA,0.00343386919646713,0.0400971000994551,NA,NA,NA
"396",145.2495,NA,1,24.0004942782312,NA,NA,NA,0.0148026490024105,NA,NA,NA,NA,NA,NA,NA,0.229633680998319,4.55607953356359,NA,NA,NA,0.00498445363221896,0.0308036025730701,NA,NA,NA
"397",145.5325,NA,1,24.5106205537989,NA,NA,NA,0.0132881046259371,NA,NA,NA,NA,NA,NA,NA,0.295781987533943,5.42455994071123,NA,NA,NA,0.00680929972873626,0.0399023642555329,NA,NA,NA
"398",145.8155,NA,1,27.018054897705,NA,NA,NA,0.0107550682515629,NA,NA,NA,NA,NA,NA,NA,0.248076399058664,6.14788087313879,NA,NA,NA,0.00466787113619915,0.042170575163793,NA,NA,NA
"399",146.0985,NA,1,26.3763138912636,NA,NA,NA,0.00640982189598211,NA,NA,NA,NA,NA,NA,NA,0.259484414387704,5.2306041188983,NA,NA,NA,0.00635237283022074,0.0375727921105194,NA,NA,NA
"400",146.3815,NA,1,28.7605486627709,NA,NA,NA,0.00805552036044454,NA,NA,NA,NA,NA,NA,NA,0.250093650496832,4.9744873687141,NA,NA,NA,0.00549451784656736,0.0355761187228752,NA,NA,NA
"401",146.6646,0.00228560267389419,1,27.6141008383057,NA,NA,NA,0.0213471378756506,NA,NA,NA,NA,NA,NA,NA,0.261662999275143,5.5811493087064,NA,NA,NA,0.0063579126410699,0.0341349956380262,NA,NA,NA
"402",146.9476,0.00248713924241538,1,29.0320477486929,NA,NA,NA,0.0220257416747173,NA,NA,NA,NA,NA,NA,NA,0.331494257755476,6.13160434375875,NA,NA,NA,0.00691853147096283,0.0368751400594394,NA,NA,NA
"403",147.2306,NA,1,26.5848237570691,NA,NA,NA,0.0114844471893868,NA,NA,NA,NA,NA,NA,NA,0.242495618816966,4.81318787096224,NA,NA,NA,0.00269938095327198,0.0268603754608133,NA,NA,NA
"404",147.5136,NA,1,26.7961620976645,NA,NA,NA,0.0107829126008398,NA,NA,NA,NA,NA,NA,NA,0.252209138318716,4.72950771244399,NA,NA,NA,0.00585389906353893,0.0344505076581963,NA,NA,NA
"405",147.7967,NA,1,29.3133725768784,NA,NA,NA,0.0147434795321566,NA,NA,NA,NA,NA,NA,NA,0.317787695580526,6.12119493416602,NA,NA,NA,0.00919887460293648,0.0517710028468868,NA,NA,NA
"406",148.0797,NA,1,26.7522569867711,NA,NA,NA,0.0114490198204655,NA,NA,NA,NA,NA,NA,0.00280315801327046,0.271001331081007,5.38498417946584,NA,NA,NA,0.00474002416033622,0.0376276042736422,NA,NA,NA
"407",148.3627,NA,1,29.0406660762722,NA,NA,NA,0.017209864681697,NA,NA,NA,NA,NA,NA,0.00314604358484089,0.284554342736181,5.64225907073017,NA,NA,NA,0.00501163585365124,0.0396511385171986,NA,NA,NA
"408",148.6457,NA,1,25.7382804059107,NA,NA,NA,0.015399993398031,NA,NA,NA,NA,NA,NA,NA,0.279069780035892,4.70126118737983,NA,NA,NA,0.00330847688193461,0.0292068458323515,NA,NA,NA
"409",148.9288,0.00250629435796982,1,25.1201279933229,NA,NA,NA,0.0131797371895005,NA,NA,NA,NA,NA,NA,NA,0.246924429406704,4.35446118317804,NA,NA,NA,0.00327479887036221,0.0347776818602036,NA,NA,NA
"410",149.2118,NA,1,26.4022238197892,NA,NA,NA,0.0142652983550188,NA,NA,NA,NA,NA,NA,0.00371277094363046,0.325847495069136,5.59565898473488,NA,NA,NA,0.00436227672734756,0.0427290274412933,NA,NA,NA
"411",149.4948,NA,1,26.8193134899718,NA,NA,NA,0.0235491654941553,NA,NA,NA,NA,NA,NA,NA,0.31665999507068,6.32548001203359,NA,NA,NA,0.00596932649237849,0.0406642448244886,NA,NA,NA
"412",149.7778,NA,1,29.9176491400275,NA,NA,NA,0.0187852918122931,NA,NA,NA,NA,NA,NA,NA,0.2850022372607,6.04069521623023,NA,NA,NA,0.00275642257584311,0.0422733502334285,NA,NA,NA
"413",150.0609,0.00849458865007952,1,25.228510651718,NA,NA,NA,0.0164338381565807,NA,NA,NA,NA,NA,NA,NA,0.294195639524578,6.56005994204967,NA,NA,NA,0.00373905970796994,0.0306276599822413,NA,NA,NA
"414",150.3439,NA,1,28.9284431685017,NA,NA,NA,0.0202515375619347,NA,NA,NA,NA,NA,NA,NA,0.265214660197253,6.19314068998518,NA,NA,NA,0.00378623962593954,0.036616268362639,NA,NA,NA
"415",150.6269,NA,1,25.87657796157,NA,NA,NA,0.0128141520841198,NA,NA,NA,NA,NA,NA,NA,0.263167311685953,5.6787244824816,NA,NA,NA,0.00419223075393071,0.02865945070716,NA,NA,NA
"416",150.9099,NA,1,27.0686871952811,NA,NA,NA,0.0140485728960943,NA,NA,NA,NA,NA,NA,NA,0.297457421805235,5.83552559447922,NA,NA,NA,0.00471561230496559,0.0392281912139364,NA,NA,NA
"417",151.193,NA,1,28.004828671158,NA,NA,NA,0.0148658594523721,NA,NA,NA,NA,NA,NA,NA,0.299233365441245,5.39152635544984,NA,NA,NA,0.00619226303928802,0.0419380745182836,NA,NA,NA
"418",151.476,NA,1,29.5184046812461,NA,NA,NA,0.0108016864232079,NA,NA,NA,NA,NA,NA,NA,0.29408820016532,5.78671343779018,NA,NA,NA,0.00378415012359675,0.0281348330701925,NA,NA,NA
"419",151.759,NA,1,28.461533098251,NA,NA,NA,0.0182840245168167,NA,NA,NA,NA,NA,NA,NA,0.279886088570199,5.16832737633279,NA,NA,NA,0.0038136130012847,0.0283538870501996,NA,NA,NA
"420",152.042,NA,1,27.8209104069163,NA,NA,NA,0.010181818133681,NA,NA,NA,NA,NA,NA,NA,0.280953444414127,5.68737055346256,NA,NA,NA,0.00285970751621948,0.0309001235494339,NA,NA,NA
"421",152.325,NA,1,26.9217638401365,NA,NA,NA,0.0154811549813477,NA,NA,NA,NA,NA,NA,NA,0.267661625790188,5.4781803891132,NA,NA,NA,0.00365110617796958,0.0264654411231816,NA,NA,NA
"422",152.6081,NA,1,25.9354705336647,NA,NA,NA,0.0147696226211991,NA,NA,NA,NA,NA,NA,NA,0.254140410147402,5.13213474952311,NA,NA,NA,0.00409095804507265,0.0342297498113072,NA,NA,NA
"423",152.8911,NA,1,27.1981562868084,NA,NA,NA,0.0135610494557036,NA,NA,NA,NA,NA,NA,NA,0.324117479498806,5.75329049859315,NA,NA,NA,0.003742439288832,0.0345203912481222,NA,NA,NA
"424",153.1741,NA,1,31.1999230243322,NA,NA,NA,0.0144343456792755,NA,NA,NA,NA,NA,NA,NA,0.323873502855512,5.51037928621779,NA,NA,NA,0.00551697261683894,0.0327807319911283,NA,NA,NA
"425",153.4572,NA,1,27.6427905695431,NA,NA,NA,0.0102745185046861,NA,NA,NA,NA,NA,NA,NA,0.265920828542617,5.69556635606827,NA,NA,NA,0.00445615624902024,0.0192004150523303,NA,NA,NA
"426",153.7402,NA,1,26.639294416139,NA,NA,NA,0.0154476217322555,NA,NA,NA,NA,NA,NA,NA,0.29973807718977,6.17937439260774,NA,NA,NA,0.0042787533590807,0.0358010655137436,NA,NA,NA
"427",154.0232,0.00259415165703522,1,27.5726036080727,NA,NA,NA,0.015773293660846,NA,NA,NA,NA,NA,NA,NA,0.33843007349572,6.24619558331394,NA,NA,NA,0.00338959583458054,0.0314584218691826,NA,NA,NA
"428",154.3062,NA,1,26.657791819099,NA,NA,NA,0.0155432767895126,NA,NA,NA,NA,NA,NA,NA,0.296256384183389,5.44946816130922,NA,NA,NA,0.00344838078317109,0.0331741149902702,NA,NA,NA
"429",154.5892,NA,1,22.2118133504508,NA,NA,NA,0.0103457624884367,NA,NA,NA,NA,NA,NA,NA,0.237616415126445,4.81728412787174,NA,NA,NA,0.00325165971928211,0.0235531960075897,NA,NA,NA
"430",154.8723,NA,1,30.7230248376575,NA,NA,NA,0.0100306139310617,NA,NA,NA,NA,NA,NA,NA,0.353047593300865,6.25160897887048,NA,NA,NA,0.00601614783673695,0.0379580864411939,NA,NA,NA
"431",155.1553,NA,1,27.1330911190238,NA,NA,NA,0.0180686225008624,NA,NA,NA,NA,NA,NA,NA,0.277485374978456,5.31189249933113,NA,NA,NA,0.0019252016050536,0.0233659436560294,NA,NA,NA
"432",155.4383,NA,1,32.5374602974658,NA,NA,NA,0.0168393816661718,NA,NA,NA,NA,NA,NA,NA,0.311365197863475,6.47041951149832,NA,NA,NA,0.00410561098609091,0.0312897909793248,NA,NA,NA
"433",155.7213,NA,1,26.6229467143285,NA,NA,NA,0.010957601584366,NA,NA,NA,NA,NA,NA,NA,0.247952073743476,5.1917371197755,NA,NA,NA,0.00246157858706493,0.0264497870303715,NA,NA,NA
"434",156.0044,NA,1,29.7425544795373,NA,NA,NA,0.0135041872523608,NA,NA,NA,NA,NA,NA,NA,0.286528868189648,5.70673416601595,NA,NA,NA,0.00279473512782483,0.0295154203402043,NA,NA,NA
"435",156.2874,NA,1,27.4251787747815,NA,NA,NA,0.0107485407850367,NA,NA,NA,NA,NA,NA,NA,0.290764134749562,5.94833136740735,NA,NA,NA,0.00367580616395048,0.0284167898638136,NA,NA,NA
"436",156.5704,NA,1,24.8182057576131,NA,NA,NA,0.0111809889552519,NA,NA,NA,NA,NA,NA,NA,0.283615905777226,5.39899944690766,NA,NA,NA,0.00129895732746458,0.0245267704992652,NA,NA,NA
"437",156.8534,NA,1,27.4875915922876,NA,NA,NA,0.017833278995393,NA,NA,NA,NA,NA,NA,NA,0.309869673448638,6.27260326149287,NA,NA,NA,0.00262365879976016,0.0325569399454703,NA,NA,NA
"438",157.1365,NA,1,24.5263483966464,NA,NA,NA,0.012688946718285,NA,NA,NA,NA,NA,NA,NA,0.319685715186055,5.77095633582338,NA,NA,NA,0.00394327047045688,0.0286012423329108,NA,NA,NA
"439",157.4195,NA,1,25.931464985086,NA,NA,NA,0.022502573887751,NA,NA,NA,NA,NA,NA,NA,0.294776649739962,6.17404458339901,NA,NA,NA,0.00506116949647567,0.0297508015435545,NA,NA,NA
"440",157.7025,NA,1,29.2926823111085,NA,NA,NA,0.0166277603831362,NA,NA,NA,NA,NA,NA,NA,0.311485285763653,6.33501152185388,NA,NA,NA,0.0043866332711988,0.0293997290487654,NA,NA,NA
"441",157.9855,NA,1,26.1847554406879,NA,NA,NA,0.0217715160667328,NA,NA,NA,NA,NA,NA,NA,0.332064108491251,5.74833224801395,NA,NA,NA,0.00444879248978343,0.0287842651704947,NA,NA,NA
"442",158.2686,NA,1,29.8358263107852,NA,NA,NA,0.0126113277977756,NA,NA,NA,NA,NA,NA,NA,0.34410627858279,6.53676833840115,NA,NA,NA,0.0038564985031549,0.0269962906267867,NA,NA,NA
"443",158.5516,NA,1,24.3819767255071,NA,NA,NA,0.0203139013166498,NA,NA,NA,NA,NA,NA,NA,0.303033654838162,5.20241406675517,NA,NA,NA,0.00296356104576748,0.0216578334753232,NA,NA,NA
"444",158.8346,NA,1,25.8931670643519,NA,NA,NA,0.00958633594122195,NA,NA,NA,NA,NA,NA,NA,0.298776230321238,5.68242942112544,NA,NA,NA,0.00371947689505626,0.0223416273804667,NA,NA,NA
"445",159.1176,NA,1,27.0241970859939,NA,NA,NA,0.0183196789156597,NA,NA,NA,NA,NA,NA,NA,0.326900390750931,6.61023066006219,NA,NA,NA,0.00336787957541673,0.0255617171336226,NA,NA,NA
"446",159.4007,NA,1,29.8482507869655,NA,NA,NA,0.017157031954694,NA,NA,NA,NA,NA,NA,NA,0.318758053321573,6.51143967158641,NA,NA,NA,0.00404634831450744,0.0268176392710135,NA,NA,NA
"447",159.6837,NA,1,28.3840318447395,NA,NA,NA,0.0145030864312413,NA,NA,NA,NA,NA,NA,NA,0.343772754180878,7.22550478635946,NA,NA,NA,0.00457341815244495,0.0301437756468805,NA,NA,NA
"448",159.9667,NA,1,29.955191669068,NA,NA,NA,0.0151962209897274,NA,NA,NA,NA,NA,NA,NA,0.316373942636745,5.728150691447,NA,NA,NA,0.00290042482736198,0.0263006566540474,NA,NA,NA
"449",160.2497,NA,1,24.6509701817586,NA,NA,NA,0.0141508059709959,NA,NA,NA,NA,NA,NA,NA,0.364208182348157,5.55310647521134,NA,NA,NA,0.00338390399867598,0.0294980666451081,NA,NA,NA
"450",160.5327,NA,1,26.22462965665,NA,NA,NA,0.0163696009761858,NA,NA,NA,NA,NA,NA,NA,0.29486375184225,6.36666927984287,NA,NA,NA,0.00351773906424873,0.0333913371444606,NA,NA,NA
"451",160.8158,NA,1,26.7672704199343,NA,NA,NA,0.0185748878983651,NA,NA,NA,NA,NA,NA,NA,0.329523459458099,5.47336942259933,NA,NA,NA,0.00242569721218471,0.0291650259758134,NA,NA,NA
"452",161.0988,NA,1,32.5307822166583,NA,NA,NA,0.0160990956420197,NA,NA,NA,NA,NA,NA,NA,0.319134600795546,6.25198737357784,NA,NA,NA,0.00747614528594345,0.0248799555692405,NA,NA,NA
"453",161.3818,NA,1,29.1704408905434,NA,NA,NA,0.0212926236033951,NA,NA,NA,NA,NA,NA,NA,0.290321454862262,5.51377710658092,NA,NA,NA,0.00370051033695048,0.0278256315279556,NA,NA,NA
"454",161.6648,NA,1,28.3358888339592,NA,NA,NA,0.0132071321982801,NA,NA,NA,NA,NA,NA,NA,0.307293482382695,6.2753246323031,NA,NA,NA,0.00258098545996394,0.0289713460658162,NA,NA,NA
"455",161.9479,NA,1,26.6858495751502,NA,NA,NA,0.0186574437477943,NA,NA,NA,NA,NA,NA,NA,0.294492166829867,6.78106223133444,NA,NA,NA,0.00250690039112798,0.0250664002447219,NA,NA,NA
"456",162.2309,NA,1,28.3804888168073,NA,NA,NA,0.0132237398816072,NA,NA,NA,NA,NA,NA,NA,0.288511974692108,5.80764523840959,NA,NA,NA,0.00433951003819185,0.0317341680898133,NA,NA,NA
"457",162.5139,NA,1,27.0566491909108,NA,NA,NA,0.0129013780709773,NA,NA,NA,NA,NA,NA,NA,0.267983813294947,5.93330313293404,NA,NA,NA,0.00558291563121855,0.0271271753770822,NA,NA,NA
"458",162.7969,NA,1,30.2547535572772,NA,NA,NA,0.0127221777811584,NA,NA,NA,0.00224404383594606,NA,NA,NA,0.295995865468769,5.50714305537364,NA,NA,NA,0.00504395135248938,0.0253008699366121,NA,NA,NA
"459",163.08,0.00253029574097375,1,27.1653944948198,NA,NA,NA,0.0153850287291146,NA,NA,NA,NA,NA,NA,NA,0.290595514217616,5.54206395277639,NA,NA,NA,0.00352859243649601,0.0323148681562562,NA,NA,NA
"460",163.363,0.0107800125205261,1,28.244046822712,NA,NA,NA,0.0151807995710298,NA,NA,NA,0.00367793627918729,NA,0.00213773861494313,NA,0.270512715519143,5.52450300338041,NA,NA,NA,0.00269485811038997,0.0249123396710278,NA,NA,NA
"461",163.646,0.00456210577550131,1,29.7488633041982,NA,NA,NA,0.0142024764715002,NA,NA,NA,0.00369963082196504,NA,NA,NA,0.267394387442176,5.73296208589236,NA,NA,NA,0.00522428403755508,0.0257771207779227,NA,NA,NA
"462",163.929,0.00390809173710005,1,24.7680198394372,NA,NA,NA,0.0178161857206092,NA,NA,NA,0.00263700009926936,NA,NA,0.00398813636018793,0.295715848403603,5.30952944321424,NA,NA,NA,0.00189830460753789,0.0259551096156274,NA,NA,NA
"463",164.2121,0.00280298846708198,1,25.9859890393478,NA,NA,NA,0.0141641351251882,NA,NA,NA,0.00494530903523207,0.002304055561794,NA,NA,0.27005712896198,5.17871167785206,NA,NA,NA,NA,0.029345827822779,NA,NA,0.00149397165931102
"464",164.4951,0.00284252228334014,1,26.743228971788,NA,NA,NA,0.0143639084464384,NA,NA,NA,0.00275369362726659,0.00269685161850416,NA,NA,0.250510318394255,5.77321746612427,NA,NA,NA,0.00496357317332756,0.0342086143497788,NA,NA,NA
"465",164.7781,0.00294630928421083,1,25.853564015983,NA,NA,NA,0.0118831951711227,NA,NA,NA,NA,NA,NA,NA,0.269825195517007,5.13108214707836,NA,NA,NA,0.00424467915374886,0.033868897916767,NA,NA,NA
"466",165.0611,0.00561854337058051,1,28.8278332348734,NA,NA,NA,0.0160450482349959,NA,NA,NA,NA,NA,NA,NA,0.273036029240533,5.67159568577367,NA,NA,NA,0.00476904174106825,0.0308563194168557,NA,NA,NA
"467",165.3442,0.00545519571653532,1,25.5078928923703,NA,NA,NA,0.0109343301805794,NA,NA,NA,0.00342285888242065,NA,NA,NA,0.268462721313829,5.55004818939841,NA,NA,NA,0.00424249564368983,0.0339139004216051,NA,NA,NA
"468",165.6272,0.00759761735092792,1,27.0711802660141,NA,NA,NA,0.0238089394972588,NA,NA,NA,NA,NA,NA,NA,0.326133966810244,6.22070320565676,NA,NA,NA,0.00322819430490011,0.034356061519565,NA,NA,NA
"469",165.9102,0.00681232515350414,1,26.0106558833374,NA,NA,NA,0.0171412961523426,NA,NA,NA,NA,NA,NA,NA,0.26765871185543,5.41281451623642,NA,NA,NA,0.00401966131011714,0.0289196656244118,NA,NA,NA
"470",166.1932,0.00473078590657536,1,23.6637585445252,NA,NA,NA,0.0186034149361934,NA,NA,NA,0.00353009043333403,NA,NA,NA,0.272719160810766,5.57167289590721,NA,NA,NA,0.00257403898670489,0.0349192555700363,NA,NA,NA
"471",166.4762,0.00430365191077272,1,29.3256551273992,NA,NA,NA,0.0168638328704887,NA,NA,NA,NA,NA,NA,NA,0.290269674782352,5.55169075320451,NA,NA,NA,0.00350551044854132,0.0350044473615848,NA,NA,NA
"472",166.7593,0.00234558780158315,1,28.5555849837906,NA,NA,NA,0.0173667920506826,NA,NA,NA,NA,NA,NA,NA,0.273205520903331,5.80571223030952,NA,NA,NA,0.00603896884047603,0.0324870014064338,NA,NA,NA
"473",167.0423,0.002895777505854,1,26.441039251492,NA,NA,NA,0.0146330191390677,NA,NA,NA,NA,NA,NA,NA,0.300349791256981,5.33307454587589,NA,NA,NA,0.00531112803705821,0.0361826171894634,NA,NA,NA
"474",167.3253,NA,1,28.8042399628322,NA,NA,NA,0.0191608598487697,NA,NA,NA,NA,NA,NA,NA,0.299688180160568,6.25870474581369,NA,NA,NA,0.00631198103371217,0.0275311702295475,NA,NA,NA
"475",167.6084,NA,1,27.296987911627,NA,NA,NA,0.0103374135704998,NA,NA,NA,NA,NA,NA,NA,0.320548104174915,6.89774488869519,NA,NA,NA,0.00424875973031633,0.0313152031358309,NA,NA,NA
"476",167.8914,NA,1,28.7371832709821,NA,NA,NA,0.0156774647913698,NA,NA,NA,NA,NA,NA,NA,0.307869184049274,5.7883705571393,NA,NA,NA,0.0036974042714278,0.0348384829498151,NA,NA,NA
"477",168.1744,NA,1,26.2191449193144,NA,NA,NA,0.0151402953341045,NA,NA,NA,NA,NA,NA,NA,0.293451854750704,5.69160546999473,NA,NA,NA,0.00325457954203728,0.0301712830490274,NA,NA,NA
"478",168.4574,NA,1,25.2151904297902,NA,NA,NA,0.00958637196390265,NA,NA,NA,NA,NA,NA,NA,0.264522915979424,4.51964402821249,NA,NA,NA,0.00352972881790654,0.0244896321881668,NA,NA,NA
"479",168.7404,NA,1,26.8988706572385,NA,NA,NA,0.0138458582463192,NA,NA,NA,NA,NA,NA,NA,0.276574054060389,5.53976897485187,NA,NA,NA,0.00454366475635643,0.0281819302633891,NA,NA,NA
"480",169.0235,NA,1,25.223863012684,NA,NA,NA,0.016477088425059,NA,NA,NA,NA,NA,NA,NA,0.304856896472346,6.40979586921919,NA,NA,NA,0.00480777875848355,0.0276853611243434,NA,NA,NA
"481",169.3065,NA,1,27.5667459706704,NA,NA,NA,0.0182247176270078,NA,NA,NA,NA,NA,NA,NA,0.355042591380641,5.98513355642086,NA,NA,NA,0.0042737253753755,0.0370119587846433,NA,NA,NA
"482",169.5895,NA,1,27.2721748521233,NA,NA,NA,0.0137886129177342,NA,NA,NA,NA,NA,NA,NA,0.290986911930462,5.77935511923616,NA,NA,NA,0.0048091407422589,0.0305900230838979,NA,NA,NA
"483",169.8725,NA,1,26.8321722742677,NA,NA,NA,0.0162187185197641,NA,NA,NA,NA,NA,NA,NA,0.296339916277802,5.66060926234211,NA,NA,NA,0.00606480091206906,0.0235065322662187,NA,NA,NA
"484",170.1555,NA,1,29.3730799194923,NA,NA,NA,0.0124676199467301,NA,NA,NA,NA,NA,NA,NA,0.269545486223159,5.71757745968299,NA,NA,NA,0.00313430953803534,0.032371324738515,NA,NA,NA
"485",170.4386,NA,1,28.872436464505,NA,NA,NA,0.00949294991520306,NA,NA,NA,NA,NA,NA,NA,0.322657861784809,5.48613786184598,NA,NA,NA,0.00413110876082861,0.0258330131864846,NA,NA,NA
"486",170.7216,NA,1,26.1510853534931,NA,NA,NA,0.0116111725281999,NA,NA,NA,NA,NA,NA,NA,0.293895046483422,5.78662772360944,NA,NA,NA,0.00423795977381177,0.0334951004624657,NA,NA,NA
"487",171.0046,NA,1,26.6921317760069,NA,NA,NA,0.0171938558193371,NA,NA,NA,NA,NA,NA,NA,0.327155745397671,6.0395676477318,NA,NA,NA,0.00319767376575338,0.0272625564581876,NA,NA,NA
"488",171.2877,NA,1,27.466382125591,0.017796201075728,NA,NA,0.0155037647871285,NA,NA,NA,NA,NA,NA,NA,0.316738511787844,5.32829190080113,NA,NA,NA,0.00373915165789274,0.0304266715568279,NA,NA,NA
"489",171.5707,NA,1,26.2426151614019,NA,NA,NA,0.0146606457574269,NA,NA,NA,NA,NA,NA,NA,0.282973531733332,4.93851105892076,NA,NA,NA,0.00282189302677786,0.0213022132483714,NA,NA,NA
"490",171.8537,NA,1,28.3248376992022,NA,NA,NA,0.0111474698114837,NA,NA,NA,NA,NA,NA,NA,0.301170373243505,5.37545218152567,NA,NA,NA,0.0018604074588963,0.0274560249259185,NA,NA,NA
"491",172.1367,NA,1,31.1444257178885,NA,NA,NA,0.0236489760347766,NA,NA,NA,NA,NA,NA,NA,0.313741378635994,6.5398652212578,NA,NA,NA,0.00434761459159425,0.0241157894258194,NA,NA,NA
"492",172.4198,NA,1,29.6066792051449,NA,NA,NA,0.0213162146916853,NA,NA,NA,NA,NA,NA,NA,0.300922130896061,6.27366146560004,NA,NA,NA,0.00355243660862526,0.0243458884706457,NA,NA,NA
"493",172.7028,NA,1,27.4474836333138,NA,NA,NA,0.0182788631683263,NA,NA,NA,NA,NA,NA,NA,0.301588835255382,5.94795284640923,NA,NA,NA,0.00415884348677344,0.0384557523701373,NA,NA,NA
"494",172.9858,NA,1,26.1387687335756,NA,NA,NA,0.0168285346929859,NA,NA,NA,NA,NA,NA,NA,0.276479619514831,4.6720354575068,NA,NA,NA,0.00382886185291543,0.0190179493735088,NA,NA,NA
"495",173.2688,NA,1,26.6386039517423,NA,NA,NA,0.0211171350317903,NA,NA,NA,NA,NA,NA,NA,0.35190337547559,6.1676823546229,NA,NA,NA,0.00326538571767676,0.026510754761596,NA,NA,NA
"496",173.5518,NA,1,24.7926332849481,NA,NA,NA,0.0157114891427722,NA,NA,NA,NA,NA,NA,NA,0.334322711120997,6.44514287077148,NA,NA,NA,0.00466989855304977,0.0309534954861668,NA,NA,NA
"497",173.8349,NA,1,26.6580029744912,NA,NA,NA,0.0181130455013239,NA,NA,NA,NA,NA,NA,NA,0.281712904021638,5.58461929423733,NA,NA,NA,0.00227551545641087,0.0291663631674563,NA,NA,NA
"498",174.1179,NA,1,25.8417219168512,NA,NA,NA,0.0116189773388105,NA,NA,NA,NA,NA,NA,NA,0.319213716778543,6.89382281706025,NA,NA,NA,0.0032633539894675,0.0312762429469751,NA,NA,NA
"499",174.4009,NA,1,25.7586481788415,NA,NA,NA,0.015527607370349,NA,NA,NA,NA,NA,NA,NA,0.318254522527251,6.06108683738471,NA,NA,NA,0.00507995478168304,0.0208589641583748,NA,NA,NA
"500",174.684,NA,1,28.8805368030669,NA,NA,NA,0.0177044314794861,NA,NA,NA,NA,NA,NA,NA,0.347787708842588,6.449458027401,NA,NA,NA,0.00461656119014314,0.0286527518050177,NA,NA,NA
"501",174.9669,NA,1,26.9979907258505,NA,NA,NA,0.0166847032979167,NA,NA,NA,NA,NA,NA,NA,0.309192996088594,4.89542641647895,NA,NA,NA,0.00381043472988044,0.0283302568736764,NA,NA,NA
"502",175.25,NA,1,24.5513293096216,NA,NA,NA,0.0167843716897529,NA,NA,NA,NA,NA,NA,NA,0.261372027385689,4.92184773427964,NA,NA,NA,0.00239363756149251,0.0183248813076358,NA,NA,NA
"503",175.533,NA,1,27.9034317758469,NA,NA,NA,0.0213095182909844,NA,NA,NA,NA,NA,NA,NA,0.402032063919645,6.34720316273433,NA,NA,NA,0.00380748130325023,0.0339953191340344,NA,NA,NA
"504",175.816,NA,1,28.5307662157469,NA,NA,NA,0.0186977300123672,NA,NA,NA,NA,NA,NA,NA,0.352772070151159,6.11001844374401,NA,NA,NA,0.00325727285579653,0.030952775483164,NA,NA,NA
"505",176.0991,NA,1,27.2875267126988,NA,NA,NA,0.0171907758674795,NA,NA,NA,NA,NA,NA,NA,0.311200845206044,6.17163533566702,NA,NA,NA,0.00392601104313394,0.0284581190045818,NA,NA,NA
"506",176.3821,NA,1,25.6736304533106,NA,NA,NA,0.0154621832562862,NA,NA,NA,NA,NA,NA,NA,0.287807805883121,4.9297831024116,NA,NA,NA,0.00484382193435638,0.0271496652090276,NA,NA,NA
"507",176.6651,0.00208424594173642,1,27.8826035298359,NA,NA,NA,0.00685874897594468,NA,NA,NA,NA,NA,NA,NA,0.289675847183161,5.50406140015927,NA,NA,NA,0.00234454240129366,0.0318059189190308,NA,NA,NA
"508",176.9481,NA,1,29.7166538285037,NA,NA,NA,0.0175446262802081,NA,NA,NA,NA,NA,NA,NA,0.397938384983559,6.44289370796874,NA,NA,NA,0.00340166234365718,0.0341046064322773,NA,NA,NA
"509",177.2312,NA,1,31.4000949111255,NA,NA,NA,0.0138513903640136,NA,NA,NA,NA,NA,NA,NA,0.293904734368956,5.77924146690245,NA,NA,NA,0.00436791164609773,0.0287892653408432,NA,NA,NA
"510",177.5142,NA,1,27.3063165323414,NA,NA,NA,0.0110955235055717,NA,NA,NA,NA,NA,NA,NA,0.325567778459812,6.79283347025573,NA,NA,NA,0.00204308053070346,0.0269690414919151,NA,NA,NA
"511",177.7972,NA,1,30.0192186782555,NA,NA,NA,0.0137039952464793,NA,NA,NA,NA,NA,NA,NA,0.330815914505795,6.29338801162917,NA,NA,NA,0.0047355344422081,0.0288918261907532,NA,NA,NA
"512",178.0802,NA,1,26.1938497419925,NA,NA,NA,0.0157251134753236,NA,NA,NA,NA,NA,NA,NA,0.276004937348457,6.25400890684574,NA,NA,NA,0.00608583780072857,0.0292553448258691,NA,NA,NA
"513",178.3633,NA,1,25.8900065994985,NA,NA,NA,0.0204949017825553,NA,NA,NA,NA,NA,NA,NA,0.303592036027542,5.32658541240928,NA,NA,NA,0.0043987608212545,0.0206937443726942,NA,NA,NA
"514",178.6463,NA,1,26.8548683083181,NA,NA,NA,0.012938565488793,NA,NA,NA,NA,NA,NA,NA,0.361761645102613,5.86849737119658,NA,NA,NA,0.00583365258157339,0.0254855192115712,NA,NA,NA
"515",178.9293,NA,1,23.7829783724375,NA,NA,NA,0.00651583664456825,NA,NA,NA,NA,NA,NA,NA,0.27716856001486,6.43882495496056,NA,NA,NA,0.00243235122481323,0.0224856216652605,NA,NA,NA
"516",179.2123,NA,1,26.4757651420593,NA,NA,NA,0.0113983561689585,NA,NA,NA,NA,NA,NA,NA,0.303425932733627,6.41450502695138,NA,NA,NA,0.00290497565131232,0.0247670864838532,NA,NA,NA
"517",179.4954,NA,1,26.4764471055097,NA,NA,NA,0.0170300008236067,NA,NA,NA,0.00850522986600072,NA,NA,NA,0.340679230727083,6.6896839726099,NA,NA,NA,0.00481186689272989,0.0260182480750614,NA,NA,NA
"518",179.7784,NA,1,28.3108935857677,NA,NA,NA,0.0167442982748805,NA,NA,NA,NA,NA,NA,NA,0.341595278448824,7.00474771266438,NA,NA,NA,0.00262989688575647,0.0280707959972292,NA,NA,NA
"519",180.0614,NA,1,26.0741596679731,NA,NA,NA,0.0170704448255401,NA,NA,NA,NA,NA,NA,NA,0.326691999893132,5.66839295472005,NA,NA,NA,0.00333076086976173,0.0250453359754966,NA,NA,NA
"520",180.3444,NA,1,30.8733124733996,NA,NA,NA,0.0194226381252822,NA,NA,NA,NA,NA,NA,NA,0.338505457120927,7.10754309123866,NA,NA,NA,0.00342954519076347,0.0253168749569999,NA,NA,NA
"521",180.6274,NA,1,27.5609996634355,NA,NA,NA,0.0217535832278578,NA,NA,NA,NA,NA,NA,NA,0.335155941127221,6.27551213781136,NA,NA,NA,0.00336380100205843,0.0242977858776146,NA,NA,NA
"522",180.9105,NA,1,26.2589863017992,NA,NA,NA,0.0192975068756587,NA,NA,NA,NA,NA,NA,NA,0.371636055712962,5.92586859069678,NA,NA,NA,0.00139955393048725,0.0234270528951123,NA,NA,NA
"523",181.1935,NA,1,24.809588355234,NA,NA,NA,0.0235912368708379,NA,NA,NA,NA,NA,NA,NA,0.303782274634068,6.09221996306744,NA,NA,NA,0.00367323665453553,0.0207877433371422,NA,NA,NA
"524",181.4765,NA,1,27.3623105740807,NA,NA,NA,0.0147667408869656,NA,NA,NA,NA,NA,NA,NA,0.34390456000663,6.86992883549117,NA,NA,NA,0.00292854358468445,0.0229368770094543,NA,NA,NA
"525",181.7596,NA,1,28.2175522011994,NA,NA,NA,0.0178921098453135,NA,NA,NA,NA,NA,NA,NA,0.292046297078136,6.49428847151002,NA,NA,NA,0.00281017473466732,0.0243066924461694,NA,NA,NA
"526",182.0426,NA,1,28.4655418575675,NA,NA,NA,0.0147342109573303,NA,NA,NA,NA,NA,NA,NA,0.357802695143069,6.89004693606132,NA,NA,NA,0.00304088393740283,0.023816746739574,NA,NA,NA
"527",182.3256,NA,1,32.4833414352094,NA,NA,NA,0.0213968952207042,NA,NA,NA,NA,NA,NA,NA,0.305016414246564,7.42582564463311,NA,NA,NA,0.00400037638174111,0.0235321074166465,NA,NA,NA
"528",182.6086,NA,1,29.7126047970914,NA,NA,NA,0.0110861021491889,NA,NA,NA,NA,NA,NA,NA,0.28313541460315,6.17087228157904,NA,NA,NA,0.00296254451451363,0.0247755710579285,NA,NA,NA
"529",182.8916,NA,1,27.6157025073831,NA,NA,NA,0.0164638445667591,NA,NA,NA,NA,NA,NA,NA,0.301898277906236,6.13202069956802,NA,NA,NA,0.00328378746978657,0.0229179512864287,NA,NA,NA
"530",183.1747,NA,1,26.8596285549058,NA,NA,NA,0.0161813035750374,NA,NA,NA,NA,NA,NA,NA,0.30500843099509,6.45195166574356,NA,NA,NA,0.00491080803280946,0.0299138820713917,NA,NA,NA
"531",183.4577,NA,1,28.7713640993321,NA,NA,NA,0.0151132022935062,NA,NA,NA,NA,NA,NA,NA,0.3742564620114,6.54371498043202,NA,NA,NA,0.00297720651809468,0.0312039254630458,NA,NA,NA
"532",183.7407,NA,1,28.0472108921577,NA,NA,NA,0.0159542350645127,NA,NA,NA,NA,NA,NA,NA,0.307526096282206,6.55147018159123,NA,NA,NA,0.00342954519076347,0.0222085662032407,NA,NA,NA
"533",184.0237,NA,1,26.8397130254198,NA,NA,NA,0.00910059437577375,NA,NA,NA,NA,NA,NA,NA,0.290919887296226,5.4217426441658,NA,NA,NA,0.00306777956727357,0.0240366078870651,NA,NA,NA
"534",184.3068,NA,1,25.2559551614862,NA,NA,NA,0.0150839101624358,NA,NA,NA,NA,NA,NA,NA,0.33526633198301,6.5226877705137,NA,NA,NA,0.00312909063459971,0.0308990472264332,NA,NA,NA
"535",184.5898,NA,1,30.9227453755293,NA,NA,NA,0.0176364737284441,NA,NA,NA,NA,NA,NA,NA,0.283780000882721,5.5361077111849,NA,NA,NA,0.0034604144048448,0.0294057943685819,NA,NA,NA
"536",184.8728,NA,1,28.0829623270474,NA,NA,NA,0.0229828837209992,NA,NA,NA,NA,NA,NA,NA,0.326692309409486,5.78775389010641,NA,NA,NA,0.0056088427891243,0.0228498906525695,NA,NA,NA
"537",185.1558,NA,1,29.8764954356133,NA,NA,NA,0.0114748171788941,NA,NA,NA,NA,NA,NA,NA,0.31923177544476,5.87629367874799,NA,NA,NA,0.00315183016322702,0.0335047822645892,NA,NA,NA
"538",185.4389,NA,1,29.1646749340435,NA,NA,NA,0.0146293463737062,NA,NA,NA,NA,NA,NA,NA,0.269039408394882,5.80403896785138,NA,NA,NA,0.00241220886390241,0.0360411716664404,NA,NA,NA
"539",185.7219,NA,1,26.8773367139638,NA,NA,NA,0.0183704216552083,NA,NA,NA,NA,NA,NA,NA,0.344265036873278,6.56273482459835,NA,NA,NA,0.00454904606702,0.03124591588485,NA,NA,NA
"540",186.0049,NA,1,27.4122238414208,NA,NA,NA,0.0127567325042047,NA,NA,NA,NA,NA,NA,NA,0.276036522571155,5.72267541792551,NA,NA,NA,0.00633451951383921,0.0323960682138198,NA,NA,NA
"541",186.2879,NA,1,29.8653607610835,NA,NA,NA,0.0178934768241189,NA,NA,NA,NA,NA,NA,0.00303713138124572,0.288773944681421,5.98715703001114,NA,NA,NA,0.0056054707207876,0.0331408421178331,NA,NA,NA
"542",186.571,NA,1,32.4311909911461,NA,NA,NA,0.0103593234295262,NA,NA,NA,NA,NA,NA,NA,0.320608605239949,6.40802257733283,NA,NA,NA,0.00717443960971552,0.0401972035153962,NA,NA,NA
"543",186.854,NA,1,28.4630512276824,NA,NA,NA,0.0203036054900815,NA,NA,NA,NA,NA,NA,NA,0.379139466748005,6.76969959075571,NA,NA,NA,0.00565395799202416,0.0530106595459034,NA,NA,NA
"544",187.137,NA,1,28.1499450912105,NA,NA,NA,0.0120261787288717,NA,NA,NA,NA,NA,NA,NA,0.288505737300199,5.48245187611686,NA,NA,NA,0.00607657628925141,0.0387636104072289,NA,NA,NA
"545",187.42,NA,1,26.7890144932284,NA,NA,NA,0.0145936812181696,NA,NA,NA,NA,NA,NA,NA,0.344224771676649,5.94339881998483,NA,NA,NA,0.00608474009730626,0.0381293665628687,NA,NA,NA
"546",187.703,NA,1,24.9518017476354,NA,NA,NA,0.0171769829948166,NA,NA,NA,NA,NA,NA,NA,0.27841644214224,5.14066726876456,NA,NA,NA,0.00606818348389179,0.0396363659757479,NA,NA,NA
"547",187.9861,NA,1,24.4643594876917,NA,NA,NA,0.0185730191447083,NA,NA,NA,NA,NA,NA,0.00266242082310859,0.330262295346406,5.43495493903263,NA,NA,NA,0.00532575221782465,0.040700241334509,NA,NA,NA
"548",188.2691,NA,1,29.9815398216819,NA,NA,NA,0.0176237839917942,NA,NA,NA,NA,NA,NA,NA,0.292922164958992,5.91421516979866,NA,NA,NA,0.00429685617961603,0.0428889669981364,NA,NA,NA
"549",188.5521,NA,1,24.721679180319,NA,NA,NA,0.0194226381252822,NA,NA,NA,NA,NA,NA,NA,0.335781258785468,6.06464355819404,NA,NA,NA,0.00441907745134042,0.0540803279371813,NA,NA,NA
"550",188.8352,NA,1,26.1780480017144,NA,NA,NA,0.0209785709583227,NA,NA,NA,NA,NA,NA,NA,0.340717441530508,6.27302981273115,NA,NA,NA,0.00658960345283562,0.0585085770815875,NA,NA,NA
"551",189.1181,NA,1,24.573261628561,NA,NA,NA,0.00766994469849393,NA,NA,NA,NA,NA,NA,NA,0.232480282181691,4.79356028693788,NA,NA,NA,0.00452088786244855,0.0392902040272744,NA,NA,NA
"552",189.4012,NA,1,26.6994889815819,NA,NA,NA,0.01893547016898,NA,NA,NA,NA,NA,0.00178177616047296,NA,0.317899540625824,5.39715539139182,NA,NA,NA,0.00395508412629935,0.0481700072998504,NA,NA,NA
"553",189.6842,NA,1,24.3655330822709,NA,NA,NA,0.0118012457491935,NA,NA,NA,NA,NA,NA,NA,0.298705823340944,5.29376848677355,NA,NA,NA,0.00557970862043519,0.0425405213359425,NA,NA,NA
"554",189.9672,NA,1,28.4755393702908,NA,NA,NA,0.0229959180460849,NA,NA,NA,NA,NA,NA,NA,0.337317108631886,6.85388511992642,NA,NA,NA,0.00369374016439474,0.0444333102705268,NA,NA,NA
"555",190.2503,NA,1,26.3410652122084,0.0169921856422833,NA,NA,0.0126934158722346,NA,NA,NA,NA,NA,NA,NA,0.368096842157137,6.79796334204868,NA,NA,NA,0.00497429763148018,0.0507404013234411,NA,NA,NA
"556",190.5333,NA,1,29.9877266698323,NA,NA,NA,0.0164651053945537,NA,NA,NA,NA,NA,NA,NA,0.334906891238269,6.35584949573814,NA,NA,NA,0.00621325963047124,0.0426724736020378,NA,NA,NA
"557",190.8163,NA,1,29.0116535911663,NA,NA,NA,0.0187852918122931,NA,NA,NA,NA,NA,NA,NA,0.316335510939253,5.5815617980967,NA,NA,NA,0.00624176734874214,0.0361884402833823,NA,NA,NA
"558",191.0993,NA,1,29.4816630735361,NA,NA,NA,0.0165423066191955,NA,NA,NA,NA,NA,NA,NA,0.291709952857109,6.07875118540659,NA,NA,NA,0.00739231054785502,0.0546319695071456,NA,NA,NA
"559",191.3824,NA,1,27.9668897385061,NA,NA,NA,0.014018903271584,NA,NA,NA,NA,NA,NA,NA,0.319390564120554,6.25650172605385,NA,NA,NA,0.00653005736814603,0.043866104816447,NA,NA,NA
"560",191.6654,NA,1,25.5932133396392,NA,NA,NA,0.0780543472350339,NA,NA,NA,NA,NA,NA,0.00310005319654914,0.306260657592374,5.84847450715191,NA,NA,NA,0.00623444027103711,0.0417869832344418,NA,NA,NA
"561",191.9484,NA,1,27.9941484612726,NA,NA,NA,0.00723318493506608,NA,NA,NA,NA,NA,NA,NA,0.32648344604696,6.05918203611804,NA,NA,NA,0.00474859944017639,0.0480872076743345,NA,NA,NA
"562",192.2314,NA,1,27.5848500695661,NA,NA,NA,0.0171173264885457,NA,NA,NA,NA,NA,NA,NA,0.311147474380761,5.67216634906758,NA,NA,NA,0.00576386835733358,0.0419341500046596,NA,NA,NA
"563",192.5145,NA,1,27.3991254488843,0.0178949850432475,NA,NA,0.0109958373278619,NA,NA,NA,NA,NA,NA,NA,0.322642760329407,6.15235673965487,NA,NA,NA,0.0049943868019948,0.0468266192947633,NA,NA,NA
"564",192.7975,NA,1,27.5975005245304,NA,NA,NA,0.0177368927145087,NA,NA,NA,NA,NA,NA,0.00356027535490841,0.313829080603654,6.13151243874223,NA,NA,NA,0.00443118317614004,0.0500697354768934,NA,NA,NA
"565",193.0805,NA,1,30.1356495607702,NA,NA,NA,0.0231228224165632,NA,NA,NA,NA,NA,NA,NA,0.348810341443297,6.91934246238716,NA,NA,NA,0.00721266610702735,0.0643170923977927,NA,NA,NA
"566",193.3635,NA,1,27.853160708968,0.0181871359954062,NA,NA,0.0194097843591762,NA,NA,NA,NA,NA,NA,NA,0.295940885169633,6.38570612807046,NA,NA,NA,0.00578090206080546,0.0468179993460211,NA,NA,NA
"567",193.6466,NA,1,25.2013194609235,NA,NA,NA,0.012266413906398,NA,NA,NA,NA,NA,NA,NA,0.281107173785744,5.41627646584732,NA,NA,NA,0.00530814255347518,0.04629635691234,NA,NA,NA
"568",193.9296,NA,1,29.9699284867417,NA,NA,NA,0.010577901517544,NA,NA,NA,NA,NA,NA,0.00364353565012223,0.281079590521827,5.42724859146595,NA,NA,NA,0.00712849464641332,0.0553319256540917,NA,NA,NA
"569",194.2126,NA,1,25.6033305907277,NA,NA,NA,0.015572437442049,NA,NA,NA,NA,NA,NA,0.00281592964377595,0.283323700036786,5.97930174927917,NA,NA,NA,0.00628624011900754,0.0514907999486941,NA,NA,NA
"570",194.4956,NA,1,27.7540953032427,NA,NA,NA,0.0105271048954558,NA,NA,NA,NA,NA,NA,NA,0.280678367777087,5.45116959103523,NA,NA,NA,0.00686438956180264,0.0509712917982575,NA,NA,NA
"571",194.7786,NA,1,27.4470634174268,NA,NA,NA,0.015974781526433,NA,NA,NA,NA,NA,NA,NA,0.328758644246204,6.14678514853611,NA,NA,NA,0.00805246973936705,0.0611416664113379,NA,NA,NA
"572",195.0617,NA,1,26.7097320428489,NA,NA,NA,0.0129861133953181,NA,NA,NA,NA,NA,NA,NA,0.296757177926832,5.12156651742423,NA,NA,NA,0.008003014205655,0.0435912769469789,NA,NA,NA
"573",195.3447,NA,1,24.8396524240313,NA,NA,NA,0.0131387331775857,NA,NA,NA,NA,NA,NA,0.00333467042596151,0.265685522015081,5.02986273092934,NA,NA,NA,0.00567860009291896,0.0439960136392329,NA,NA,NA
"574",195.6277,NA,1,30.4485442087534,NA,NA,NA,0.0155581121971877,NA,NA,NA,NA,NA,NA,NA,0.329045116505175,6.7155934859829,NA,NA,NA,0.0132299934066684,0.0563126757360013,NA,NA,NA
"575",195.9108,NA,1,27.2193667051743,NA,NA,NA,0.0199861177731064,NA,NA,NA,NA,NA,NA,NA,0.312207631045603,6.65060014537685,NA,NA,NA,0.00793089483292826,0.0568805995555406,NA,NA,NA
"576",196.1938,NA,1,28.3767635008801,NA,NA,NA,0.0154657887936868,NA,NA,NA,NA,NA,NA,0.00299222608566143,0.304246464853199,5.98347849590743,NA,NA,NA,0.00737415103103242,0.0515617081351137,NA,NA,NA
"577",196.4768,NA,1,28.9814049474489,NA,NA,NA,0.0130514089113455,NA,NA,NA,NA,NA,NA,0.00339683689562898,0.263940803161626,5.2868415340084,NA,NA,NA,0.00446443203736741,0.0495070913123016,NA,NA,NA
"578",196.7598,NA,1,28.1219452143097,NA,NA,NA,0.0166420263179514,NA,NA,NA,NA,NA,NA,NA,0.293496286921236,5.45849145938796,NA,NA,NA,0.00625247718445825,0.046491291645389,NA,NA,NA
"579",197.0428,NA,1,28.085486287967,NA,NA,NA,0.016509816041876,NA,NA,NA,NA,NA,NA,NA,0.319446441528053,6.26298910009674,NA,NA,NA,0.0101285967078452,0.0478154635128676,NA,NA,NA
"580",197.3259,NA,1,26.9273883781363,NA,NA,NA,0.011029904046423,NA,NA,NA,NA,NA,NA,NA,0.32080303906894,6.16018721463743,NA,NA,NA,0.00959321547071819,0.0486523817090133,NA,NA,NA
"581",197.6089,NA,1,28.6632256660732,NA,NA,NA,0.0190481256883753,NA,NA,NA,NA,NA,NA,NA,0.288005897194651,5.90868209630241,NA,NA,NA,0.00755868064593236,0.0512572637618684,NA,NA,NA
"582",197.8919,NA,1,28.6950369361386,NA,NA,NA,0.012717637948867,NA,NA,NA,NA,NA,NA,NA,0.273943755463665,5.71570943658744,NA,NA,NA,0.00443561010596883,0.0516014759535619,NA,NA,NA
"583",198.1749,NA,1,27.5261371792409,0.0164102232818378,NA,NA,0.0181413554150844,NA,NA,NA,NA,NA,NA,NA,0.274101503288033,5.40323323522678,NA,NA,NA,0.00564037998473252,0.0533883000001747,NA,NA,NA
"584",198.458,NA,1,26.8416046871026,NA,NA,NA,0.017688697672542,NA,NA,NA,NA,NA,NA,0.00376274464802662,0.342763272871878,5.58316055733606,NA,NA,NA,0.00697143861398634,0.0535607647245534,NA,NA,NA
"585",198.741,NA,1,30.3715563404122,NA,NA,NA,0.00991337915940795,NA,NA,NA,NA,NA,NA,0.00310666000202832,0.277715815715879,5.81654967688053,NA,NA,NA,0.00971148775665291,0.0550318676072118,NA,NA,NA
"586",199.024,NA,1,26.8046272176225,NA,NA,NA,0.0154400133077729,NA,NA,NA,NA,NA,NA,NA,0.301422429291897,5.72733045420358,NA,NA,NA,0.00860838272548488,0.0494688621313117,NA,NA,NA
"587",199.307,NA,1,28.7138047233722,NA,NA,NA,0.0107518038472783,NA,NA,NA,NA,NA,NA,NA,0.282347418682978,5.75115187986258,NA,NA,NA,0.00788265061268396,0.0665251340739487,NA,NA,NA
"588",199.5901,NA,1,29.3114483947288,0.0188389760662821,NA,NA,0.0158871872577974,NA,NA,NA,NA,NA,NA,0.00439596334924768,0.364183685516248,7.02989767763602,NA,NA,NA,0.0127462814853208,0.0652532711115255,NA,NA,NA
"589",199.8731,NA,1,27.0561397159838,NA,NA,NA,0.00833612538856503,NA,NA,NA,NA,NA,NA,NA,0.305017297263543,6.09731524081274,NA,NA,NA,0.007062830854703,0.059594665321998,NA,NA,NA
"590",200.1561,NA,1,27.6305702120376,NA,NA,NA,0.011458190969431,NA,NA,NA,NA,NA,NA,NA,0.292118821402217,5.75773842240601,NA,NA,NA,0.007347722031293,0.0508435553477772,NA,NA,NA
"591",200.4391,NA,1,31.4328789092093,NA,NA,NA,0.0155805021227527,NA,NA,NA,NA,NA,NA,NA,0.32725040687062,6.71038876722716,NA,NA,NA,0.0060067298084735,0.0561046294875621,NA,NA,NA
"592",200.7222,NA,1,27.9729176671673,NA,NA,NA,0.0176033972147807,NA,NA,NA,NA,NA,NA,NA,0.254792439309718,5.34288551844532,NA,NA,NA,0.00693782014664427,0.0544434709918448,NA,NA,NA
"593",201.0052,NA,1,26.4485119736408,NA,NA,NA,0.0115783584872643,NA,NA,NA,NA,NA,NA,NA,0.264664221180252,5.54050632624271,NA,NA,NA,0.00478609093381139,0.0580830613669357,NA,NA,NA
"594",201.2882,NA,1,28.790556632792,NA,NA,NA,0.0192894648688377,NA,NA,NA,NA,NA,NA,NA,0.363231454316993,6.60690470655234,NA,NA,NA,0.0108546039244502,0.073139272953581,NA,NA,NA
"595",201.5712,0.00234414585684879,1,27.5599531396376,NA,NA,NA,0.0209950371262477,NA,NA,NA,NA,NA,NA,NA,0.286519017371206,5.2590077370552,NA,NA,NA,0.00965795096146394,0.0513125555800296,NA,NA,NA
"596",201.8542,0.00237428437148467,1,25.6324567680776,0.0140941818475228,NA,NA,0.0222405094109008,NA,NA,NA,NA,NA,NA,NA,0.291352137203968,5.56202148937373,NA,NA,NA,0.00727702613965977,0.0521910349998122,NA,NA,NA
"597",202.1373,NA,1,26.9234152490968,0.0171700707306101,NA,NA,0.0109835013814382,NA,NA,NA,NA,NA,NA,NA,0.28647938324204,5.52002593928059,NA,NA,NA,0.00886819804321797,0.0529907763778494,NA,NA,NA
"598",202.4203,NA,1,27.0201396718683,0.0243373798638315,NA,NA,0.0133749819158803,NA,NA,NA,NA,NA,NA,0.00300848074978605,0.28252896353422,5.37590770840006,NA,NA,NA,0.00904317466031764,0.0611084015998347,NA,NA,NA
"599",202.7033,NA,1,27.3767039188733,NA,NA,NA,0.00655057832831888,NA,NA,NA,NA,NA,NA,NA,0.289108918668004,5.58192163585789,NA,NA,NA,0.00649186771026029,0.0495373261245015,NA,NA,NA
"600",202.9864,0.00299388645614943,1,26.304338313945,NA,NA,NA,0.0089791015950601,NA,NA,NA,NA,NA,NA,NA,0.34202637055783,6.52551239190361,NA,NA,NA,0.00891282746022241,0.0633284483876779,NA,NA,NA
"601",203.2693,NA,1,26.3406920799704,0.0219258659117682,NA,NA,0.0114422296179124,NA,NA,NA,NA,NA,NA,NA,0.269999336763334,5.86943233543365,NA,NA,NA,0.00852535014550886,0.0599373364353512,NA,NA,NA
"602",203.5524,NA,1,27.7007214576344,NA,NA,NA,0.01897603754779,NA,NA,NA,NA,NA,NA,0.00457234142970285,0.284516040739315,5.8729809103748,NA,NA,NA,0.0084094229023677,0.0575182673040097,NA,NA,NA
"603",203.8354,0.00290292884730045,1,26.3221320536701,NA,NA,NA,NA,NA,NA,NA,NA,NA,NA,NA,0.316501307854407,5.10366780369887,NA,NA,NA,0.00795153973013548,0.0417312850902211,NA,NA,NA
"604",204.1184,0.00287602287611913,1,27.39804374987,NA,NA,NA,0.0198503735849508,NA,NA,NA,NA,NA,NA,NA,0.263191874983002,5.24001324155762,NA,NA,NA,0.00704482107729188,0.0579207485341562,NA,NA,NA
"605",204.4015,0.00259869177154884,1,29.4940012240371,NA,NA,NA,0.0217559955314293,NA,NA,NA,NA,NA,NA,NA,0.301946167677125,5.9462486982426,NA,NA,NA,0.0107274519515446,0.0692608196746914,NA,NA,NA
"606",204.6845,0.0024250961193179,1,25.5046608944821,NA,NA,NA,0.0161950914121622,NA,NA,NA,NA,NA,NA,NA,0.279013679613342,5.58404495932867,NA,NA,NA,0.00674594471249495,0.061738971371411,NA,NA,NA
"607",204.9675,NA,1,27.8289586724849,NA,NA,NA,0.0215728677574549,NA,NA,NA,NA,NA,NA,NA,0.29041417845547,5.85734891247223,NA,NA,NA,0.00833874116306019,0.0510330631071735,NA,NA,NA
"608",205.2505,NA,1,25.7576131440775,NA,NA,NA,0.0256972582651089,NA,NA,NA,NA,NA,NA,0.00364457016268573,0.291012102405476,5.32884228493095,NA,NA,NA,0.00505111146191078,0.0534107074518829,NA,NA,NA
"609",205.5336,NA,1,28.3747393960694,0.0207961205290972,NA,NA,0.0155730070973271,NA,NA,NA,NA,NA,NA,NA,0.333658608881163,6.21168440339669,NA,NA,NA,0.00725396471963822,0.0629142072706714,NA,NA,NA
"610",205.8166,NA,1,25.5573897856726,NA,NA,NA,0.0103602521052571,NA,NA,NA,NA,NA,NA,NA,0.298328219094396,5.28287728918065,NA,NA,NA,0.00652936060690631,0.0468449111399675,NA,NA,NA
"611",206.0996,NA,1,27.4437417240991,NA,NA,NA,0.014128988006185,NA,NA,NA,NA,NA,NA,NA,0.236490894993736,4.91181423187758,NA,NA,NA,0.00588532472633344,0.042613593432588,NA,NA,NA
"612",206.3826,NA,1,27.4591636449353,NA,NA,NA,0.0114094860274582,NA,NA,NA,NA,NA,NA,NA,0.294952919915079,5.1011279110887,NA,NA,NA,0.0086855167658216,0.0508060389561574,NA,NA,NA
"613",206.6656,NA,1,27.9369428063678,NA,NA,NA,0.0137758082830843,NA,NA,NA,NA,NA,NA,NA,0.31226074239754,5.45978840150301,NA,NA,NA,0.00646097110854356,0.0480671131909703,NA,NA,NA
"614",206.9487,NA,1,26.6714278746438,NA,NA,NA,0.0154644262181015,NA,NA,NA,NA,NA,NA,NA,0.269471164955798,5.62559534539511,NA,NA,NA,0.00823757808501368,0.0445976187458674,NA,NA,NA
"615",207.2317,NA,1,30.0198902596975,NA,NA,NA,0.0148002001910471,NA,NA,NA,NA,NA,NA,NA,0.292665133802783,5.75385876232384,NA,NA,NA,0.007209825431431,0.0468615283338604,NA,NA,NA
"616",207.5147,NA,1,26.1334930625485,NA,NA,NA,0.0205303188874395,NA,NA,NA,NA,NA,NA,NA,0.276905488179774,5.46100462084192,NA,NA,NA,0.00682158549206167,0.0512551103696605,NA,NA,NA
"617",207.7978,NA,1,28.7685039223326,0.0173742613527941,NA,NA,0.0147899928391673,NA,NA,NA,NA,NA,NA,NA,0.288003654493902,5.55800185948703,NA,NA,NA,0.00330968844502299,0.0457343077700328,NA,NA,NA
"618",208.0808,NA,1,27.6298535350357,0.0195066835892127,NA,NA,0.0151780024768376,NA,NA,NA,NA,NA,NA,NA,0.284081764443426,5.29473966696741,NA,NA,NA,0.00680419188546786,0.0395681003917142,NA,NA,NA
"619",208.3638,NA,1,26.7165749696491,NA,NA,NA,0.0165087569033384,NA,NA,NA,NA,NA,NA,NA,0.286206918157598,5.14583411681845,NA,NA,NA,0.00593455431588399,0.0461766949814926,NA,NA,NA
"620",208.6468,NA,1,27.2575119809384,NA,NA,NA,0.0102767110322419,NA,NA,NA,NA,NA,NA,NA,0.310293819814225,6.12136172721791,NA,NA,NA,0.00371412429384473,0.0504381576581744,NA,NA,NA
"621",208.9298,NA,1,24.7497295149813,0.0196101260074539,NA,NA,0.0152143495828594,NA,NA,NA,NA,NA,NA,0.00315711202009373,0.241684569326073,4.76431509006512,NA,NA,NA,0.00348944677384256,0.0340299699345525,NA,NA,NA
"622",209.2129,NA,1,29.2969651879489,0.0182553900325237,NA,NA,0.0136522002089584,NA,NA,NA,NA,NA,0.00948232110209729,NA,0.266983968563679,5.85137961659788,NA,NA,NA,0.00565216584886468,0.0424311260369001,NA,NA,NA
"623",209.4959,NA,1,27.9859236844675,0.0203094460159938,NA,NA,0.0220003717922072,NA,NA,NA,NA,NA,NA,NA,0.288760962851795,5.73977240235895,NA,NA,NA,0.00578225674398678,0.0475635022074816,NA,NA,NA
"624",209.7789,NA,1,27.1102731976325,NA,NA,NA,0.0124555224093923,NA,NA,NA,NA,NA,NA,NA,0.300304050023593,5.59021931814537,NA,NA,NA,0.00648995404399622,0.0491954438519233,NA,NA,NA
"625",210.062,NA,1,27.2175952105158,NA,NA,NA,0.0189676567580183,NA,NA,NA,NA,NA,NA,NA,0.25348045895245,4.92047941713755,NA,NA,NA,0.00383237102419664,0.0406640644993283,NA,NA,NA
"626",210.345,NA,1,27.1291784932924,0.0177052818810342,NA,NA,0.01617018477489,NA,NA,NA,NA,NA,NA,NA,0.266865105450044,5.17689102835557,NA,NA,NA,0.00447889219594542,0.0419404424030011,NA,NA,NA
"627",210.628,NA,1,28.4234988016657,NA,NA,NA,0.0236171877246174,NA,NA,NA,NA,NA,NA,NA,0.284448527723297,5.74531040773016,NA,NA,NA,0.00677215098542546,0.049010518759439,NA,NA,NA
"628",210.911,NA,1,26.274139700924,0.0170731545209696,NA,NA,0.0169177422457601,NA,NA,NA,NA,NA,NA,NA,0.26288816446954,5.18298807136465,NA,NA,NA,0.00777582164036542,0.0373467985211653,NA,NA,NA
"629",211.194,NA,1,29.5834369027648,0.0211084693169932,NA,NA,0.00927382514494194,NA,NA,NA,NA,NA,NA,NA,0.297013422413065,5.58007364710958,NA,NA,NA,0.00429015330533832,0.0460202192000352,NA,NA,NA
"630",211.4771,NA,1,27.3168219757704,NA,NA,NA,0.0207958223973585,NA,NA,NA,NA,NA,NA,NA,0.297816170659836,5.33397084004616,NA,NA,NA,0.00871048654990752,0.0519179550034454,NA,NA,NA
"631",211.7601,NA,1,28.3773608815591,0.0194408991653332,NA,NA,0.0142820092010096,NA,NA,NA,NA,NA,NA,NA,0.274798249697252,5.00341445615192,NA,NA,NA,0.00641384004539274,0.0431886062934566,NA,NA,NA
"632",212.0431,NA,1,28.5769344270516,0.0315911595540609,NA,NA,0.0267845756169593,NA,NA,NA,NA,NA,NA,0.00338502856867274,0.279239562238814,5.59375543787509,NA,NA,NA,0.00421306785262454,0.0488407613543779,NA,NA,NA
"633",212.3261,NA,1,27.2434903494887,0.0172276613150246,NA,NA,0.0160408522516828,NA,NA,NA,NA,NA,NA,NA,0.257899179734911,5.24428085909445,NA,NA,NA,0.00468049128184112,0.0401111157398538,NA,NA,NA
"634",212.6092,NA,1,24.8751467619993,NA,NA,NA,0.017866631642206,NA,NA,NA,NA,NA,NA,NA,0.24523207263511,4.84474988332405,NA,NA,NA,0.00372655476682461,0.0446050634564473,NA,NA,NA
"635",212.8922,NA,1,25.1463635023317,NA,NA,NA,0.0197869027387141,NA,NA,NA,NA,NA,NA,NA,0.237844399637885,4.64648575661252,NA,NA,NA,0.00379777341577277,0.0334252667407817,NA,NA,NA
"636",213.1752,NA,1,28.9330792634162,0.0225050264686173,NA,NA,0.0159287614804681,NA,NA,NA,NA,NA,NA,NA,0.293668344415512,5.74282359387633,NA,NA,NA,0.00528929617401572,0.0428683804526335,NA,NA,NA
"637",213.4582,NA,1,27.2426875609998,0.0180521036510088,NA,NA,0.0148616493324223,NA,NA,NA,NA,NA,NA,NA,0.256357603325343,4.83881741012216,NA,NA,NA,0.00757328601444428,0.0414433741717825,NA,NA,NA
"638",213.7413,NA,1,27.5379049370046,NA,NA,NA,0.0147064754743952,NA,NA,NA,NA,NA,NA,NA,0.285322039930894,5.9435880181133,NA,NA,NA,0.0045702461953847,0.045476051467534,NA,NA,NA
"639",214.0243,NA,1,27.3789241822694,NA,NA,NA,0.0117877006113581,NA,NA,NA,NA,NA,NA,0.003352008394978,0.267522466963857,4.97495340746954,NA,NA,NA,0.00510619304075123,0.0400450416726699,NA,NA,NA
"640",214.3073,0.0261688250916367,1,25.7383635859374,0.0235579447767887,NA,NA,0.0149676115613952,NA,NA,NA,NA,NA,NA,NA,0.289147011878419,5.01030924543809,NA,NA,NA,0.00507415988011369,0.0422251273822148,NA,NA,NA
"641",214.5903,0.147356353994543,1,29.3427232409566,NA,NA,NA,0.0152327886424934,NA,NA,NA,NA,NA,NA,NA,0.282748030354321,5.27881388882302,NA,NA,NA,0.00266233385226407,0.0371438515803844,NA,NA,NA
"642",214.8734,0.0610117348016292,1,31.8120889401686,NA,NA,NA,0.0214798084781069,NA,NA,NA,NA,NA,NA,0.00608129980893765,0.303227438467637,6.18853977632383,NA,NA,NA,0.00527724304842629,0.0427706929803476,NA,NA,NA
"643",215.1564,0.00809084675294627,1,26.6168188768026,NA,NA,NA,0.013127234198941,NA,NA,NA,NA,NA,NA,NA,0.278238056242024,4.86796858081805,NA,NA,NA,0.006591684814671,0.0396356746916889,NA,NA,NA
"644",215.4394,0.00236036546653226,1,26.2741378665753,0.0217893162969309,NA,NA,0.0134783246606218,NA,NA,NA,NA,NA,NA,NA,0.288371095278731,5.65382201598781,NA,NA,NA,0.00607701553312273,0.0429321675044974,NA,NA,NA
"645",215.7224,0.00313529483555607,1,26.2454890079656,0.0265256137218535,NA,NA,0.0176812276590721,NA,NA,NA,NA,NA,NA,NA,0.281533812240974,5.5009650056071,NA,NA,NA,0.00547479890631915,0.0415596176729333,NA,NA,NA
"646",216.0054,0.00239338868686675,1,28.2725603098548,0.0197973965701988,NA,NA,0.0188789355720846,NA,NA,NA,NA,NA,NA,NA,0.262759583761702,5.46648206330001,NA,NA,NA,0.00343580276045943,0.0383405877442203,NA,NA,NA
"647",216.2885,NA,1,26.3750354284093,0.0185521308630326,NA,NA,0.0133224366575937,NA,NA,NA,NA,NA,NA,0.00484237996357043,0.280716616635277,4.94805074902044,NA,NA,NA,0.00455714118176594,0.03838648213,NA,NA,NA
"648",216.5715,NA,1,30.6311258193984,0.0246816243328721,NA,NA,0.016279250939876,NA,NA,NA,NA,NA,NA,NA,0.297885248617655,6.12771719715648,NA,NA,NA,0.00649428041522697,0.04352655315249,NA,NA,NA
"649",216.8545,NA,1,29.5945013942131,NA,NA,NA,0.018986631254921,NA,NA,NA,NA,NA,NA,NA,0.31682057805206,5.82916382896054,NA,NA,NA,0.0051075875765183,0.0457054688065107,NA,NA,NA
"650",217.1376,NA,1,26.030187154794,0.0236649973249237,NA,NA,0.0163743609225718,NA,NA,NA,NA,NA,NA,NA,0.251324609122808,4.97978466946709,NA,NA,NA,0.00422899405800412,0.0341449213991587,NA,NA,NA
"651",217.4205,NA,1,26.0385982879391,0.0175893038323591,NA,NA,0.0123440876136082,NA,NA,NA,NA,NA,NA,NA,0.274503531017601,5.30837880184589,NA,NA,NA,0.00440931000551614,0.0427731948728554,NA,NA,NA
"652",217.7036,NA,1,29.3460648414734,NA,NA,NA,0.0158772340974515,NA,NA,NA,NA,NA,NA,NA,0.267668323945349,5.46566700149415,NA,NA,NA,0.00379674741215462,0.0376450434199101,NA,NA,NA
"653",217.9866,NA,1,26.1918510665281,0.0189683543673853,NA,NA,NA,NA,NA,NA,NA,NA,NA,NA,0.292449866211202,5.22278156271163,NA,NA,NA,0.00515341087939731,0.0400239058749957,NA,NA,NA
"654",218.2696,NA,1,25.3972745991369,NA,NA,NA,0.0137574344406208,NA,NA,NA,NA,NA,NA,NA,0.259012555018918,5.22213711042586,NA,NA,NA,0.00272837768883448,0.047626261580377,NA,NA,NA
"655",218.5527,NA,1,28.9362221142427,NA,NA,NA,0.0201106052879027,NA,NA,NA,NA,NA,NA,NA,0.283898589398498,5.63240302323337,NA,NA,NA,0.00518958780283089,0.0455163564261459,NA,NA,NA
"656",218.8357,NA,1,26.391646168477,NA,NA,NA,0.0175011014237169,NA,NA,NA,NA,NA,NA,NA,0.257807799904671,5.10774688025173,NA,NA,NA,0.0049449774782369,0.0349294212012305,NA,NA,NA
"657",219.1187,NA,1,28.3706082290275,0.0206922633208274,NA,NA,0.00826611773328042,NA,NA,NA,NA,NA,NA,NA,0.318500307498897,6.33075175100944,NA,NA,NA,0.00501512499487772,0.0434327391927796,NA,NA,NA
"658",219.4017,NA,1,28.1419665033637,NA,NA,NA,0.012330682507057,NA,NA,NA,NA,NA,NA,NA,0.309635908561201,5.80469950564444,NA,NA,NA,0.00611302985833922,0.0374831761466569,NA,NA,NA
"659",219.6848,NA,1,26.4786721553026,0.0238795182966073,NA,NA,0.014984593645421,NA,NA,NA,NA,NA,NA,NA,0.269029477053234,5.33225743571664,NA,NA,NA,0.00447476301106002,0.0311445588598468,NA,NA,NA
"660",219.9678,NA,1,26.1783996184206,NA,NA,NA,0.0134500796643055,NA,NA,NA,NA,NA,NA,NA,0.31024655506281,5.62173397237347,NA,NA,NA,0.00533254201291993,0.0351776895345808,NA,NA,NA
"661",220.2508,NA,1,28.7190394030374,0.0172978593186734,NA,NA,0.0135278486429115,NA,NA,NA,NA,NA,NA,NA,0.293781950597762,5.59461524571021,NA,NA,NA,0.00278281297816013,0.0409713012126627,NA,NA,NA
"662",220.5338,NA,1,28.4823135296468,0.0259407876954472,NA,NA,0.0137043216404236,NA,NA,NA,NA,NA,NA,NA,0.296186993162664,5.69937193943066,NA,NA,NA,0.00385715051941995,0.0382439448871032,NA,NA,NA
"663",220.8168,NA,1,28.7741378200909,0.0215630317157591,NA,NA,0.0151328304548733,NA,NA,NA,NA,NA,NA,NA,0.321150525677901,6.12892988850517,NA,NA,NA,0.00655171587432071,0.0413300033375309,NA,NA,NA
"664",221.0999,NA,1,27.4753316086475,NA,NA,NA,0.010423686491307,NA,NA,NA,NA,NA,NA,0.00399839961308655,0.311244755716935,5.90892839978765,NA,NA,NA,0.00604842593530683,0.0386799066881035,NA,NA,NA
"665",221.3829,NA,1,26.801107754571,NA,NA,NA,0.0173954518214104,NA,NA,NA,NA,NA,NA,NA,0.280827264072882,4.97649949420135,NA,NA,NA,0.00575025476850786,0.0375912812843504,NA,NA,NA
"666",221.6659,NA,1,26.5308910696951,NA,NA,NA,0.0207777989859834,NA,NA,NA,NA,NA,NA,0.00342173187728376,0.283854974975111,6.0192511003346,NA,NA,NA,0.00499204327837974,0.0395550223570296,NA,NA,NA
"667",221.949,NA,1,27.1705548967055,NA,NA,NA,0.0163061851050126,NA,NA,NA,NA,NA,NA,NA,0.330458196293985,6.38156682345137,NA,NA,NA,0.00442400239642365,0.0356396055923682,NA,NA,NA
"668",222.232,NA,1,27.3871538540044,NA,NA,NA,0.0223003382208502,NA,NA,NA,NA,NA,NA,NA,0.32055942410007,6.49197598049572,NA,NA,NA,0.0038756441498637,0.0444362248060022,NA,NA,NA
"669",222.515,NA,1,25.4701975135194,NA,NA,NA,0.00933221116370707,NA,NA,NA,NA,NA,NA,NA,0.281210081877292,5.39278722794295,NA,NA,NA,0.0038165229059512,0.0364637118571541,NA,NA,NA
"670",222.798,NA,1,26.2920562688478,NA,NA,NA,0.0110848270674166,NA,NA,NA,NA,NA,NA,NA,0.273560115254347,5.61235746555584,NA,NA,NA,0.0053210953430944,0.0426620382448638,NA,NA,NA
"671",223.081,NA,1,27.2780133943711,0.0261971137433715,NA,NA,0.0123853835442257,NA,NA,NA,NA,NA,NA,NA,0.281884375401673,5.89024148883332,NA,NA,NA,0.00564208236858667,0.0370211108724723,NA,NA,NA
"672",223.3641,NA,1,25.7674807524086,0.018669507240187,NA,NA,0.0145796536364894,NA,NA,NA,NA,NA,NA,NA,0.290484815557735,5.81243357249669,NA,NA,NA,0.00260774749179206,0.0436706197665282,NA,NA,NA
"673",223.6471,NA,1,28.979613246309,0.0295642434478352,NA,NA,0.0187837316126879,NA,NA,NA,NA,NA,NA,NA,0.306795054298973,6.16580030291903,NA,NA,NA,0.00636786015971672,0.0432277143557154,NA,NA,NA
"674",223.9301,NA,1,27.2809545979403,NA,NA,NA,0.0216541870579247,NA,NA,NA,NA,NA,NA,NA,0.294743660477127,5.72187482181318,NA,NA,NA,0.00564648911158465,0.0484433045047618,NA,NA,NA
"675",224.2132,NA,1,25.6393019909336,0.031918514251549,NA,NA,0.00793075274259204,NA,NA,NA,NA,NA,NA,NA,0.320766003913547,5.53020076936835,NA,NA,NA,0.00885230374839191,0.0433635254517568,NA,NA,NA
"676",224.4962,0.00321793886540462,1,27.5777221793031,NA,NA,NA,0.0116339731206344,NA,NA,NA,NA,NA,NA,NA,0.364119022614243,6.71293688420426,NA,NA,NA,0.00703361435520823,0.041689476468002,NA,NA,NA
"677",224.7792,NA,1,28.8596952854553,NA,NA,NA,0.00968144060734395,NA,NA,NA,NA,NA,NA,NA,0.313355523751435,6.03412695360149,NA,NA,NA,0.0071347490235806,0.0430349685657833,NA,NA,NA
"678",225.0622,NA,1,27.2556956856483,NA,NA,NA,0.0140283759515429,NA,NA,NA,NA,NA,NA,NA,0.281226685304526,5.48407065317749,NA,NA,NA,0.00655604817179073,0.0410782655281645,NA,NA,NA
"679",225.3452,NA,1,26.9181138299275,NA,NA,NA,0.0150221765737132,NA,NA,NA,NA,NA,NA,NA,0.31301018792224,6.32041468782647,NA,NA,NA,0.00545237468905344,0.0442621039030847,NA,NA,NA
"680",225.6283,0.00374474098578726,1,27.7936136366202,0.0209775589186677,NA,NA,0.0210320083078517,NA,NA,NA,NA,NA,NA,0.00398848037106566,0.312907312853509,6.16147431736263,NA,NA,0.00924047264860216,0.00527489618995171,0.0401729122692194,NA,NA,NA
"681",225.9113,NA,1,26.5492028021173,0.0158875418320358,NA,NA,0.0072594488296195,NA,NA,NA,NA,NA,NA,NA,0.305145842427192,5.64720280813079,NA,NA,NA,0.00785641629219757,0.0399512488670301,NA,0.00158091646832574,NA
"682",226.1943,0.00251092324539061,1,29.0305520164134,0.0199664214321369,NA,NA,0.0167682555607163,NA,NA,NA,NA,NA,0.00280131796135359,NA,0.300686349517475,5.65589360812982,NA,NA,NA,0.00360452820102059,0.0448534962815232,NA,NA,NA
"683",226.4773,0.00809612384684026,1,28.0868376166353,NA,NA,NA,0.0186861222991896,NA,NA,NA,NA,NA,NA,0.00327204543886791,0.286398265450183,5.5033907572484,NA,NA,NA,0.00629212448063291,0.0447169435026755,NA,NA,NA
"684",226.7604,0.0292703579976585,1,28.9775346045192,0.0295579477343879,NA,NA,0.0149217908227541,NA,NA,NA,NA,NA,NA,NA,0.29092710120962,5.78946629855236,NA,NA,NA,0.00515635426820008,0.0423347370638955,NA,NA,NA
"685",227.0434,0.00478712862791914,1,28.4556003419462,0.0181202765563779,NA,NA,0.0120151248804623,NA,NA,NA,NA,NA,NA,0.00339202819786007,0.277784658857819,6.00510822226736,NA,NA,NA,0.0062604847668433,0.0408603844617184,NA,NA,NA
"686",227.3264,0.00541508507181376,1,26.5233585361869,0.0241920835418471,NA,NA,0.0131880680828382,NA,NA,NA,NA,NA,0.00166923574495526,NA,0.302545796229751,5.70397345069363,NA,NA,NA,0.00396157500917313,0.0373264004806149,NA,NA,NA
"687",227.6094,0.00449534488520362,1,27.4395536942738,0.0229848948440366,NA,NA,0.0137264412506541,NA,NA,NA,NA,NA,NA,NA,0.316384183085709,5.66427693974058,NA,NA,NA,0.0045861579913716,0.0358066039485624,NA,NA,NA
"688",227.8925,0.00876481068064349,1,25.5120396988316,0.0284001541662738,NA,NA,0.00947782188879238,NA,NA,NA,NA,NA,0.0130820091178294,0.0107612161785391,0.269945190780238,5.38142900095824,NA,NA,NA,0.00594459358450174,0.0448534962815232,NA,NA,NA
"689",228.1755,0.00668024596041614,1,28.4269106238141,0.0302804973746371,NA,NA,0.0121795864912796,NA,NA,NA,0.0025867659255568,NA,NA,NA,0.294748083914783,5.73472666888701,NA,0.0027785711847095,NA,0.00634617754319772,0.0358489090611048,NA,NA,NA
"690",228.4585,0.0225284102392094,1,26.2270908738748,0.0310926976251634,NA,NA,0.0185201014547635,NA,NA,NA,0.00419368485225081,NA,NA,NA,0.31557154066501,5.6613823601282,NA,0.0107022605997007,NA,0.00566293454795821,0.0427832982009757,NA,NA,NA
"691",228.7415,0.00716516042105672,1,28.7258805105116,0.0209144918045093,NA,NA,0.0165942675952667,NA,NA,NA,0.00328720065301215,0.00288134701249821,NA,NA,0.293702769402965,5.66653905623527,NA,NA,NA,0.00663809028255595,0.0323548161037734,NA,NA,NA
"692",229.0246,0.0144217537094369,1,28.088440338759,0.0182600885390099,NA,NA,0.022911003472406,NA,NA,NA,NA,NA,0.0022804860172707,0.00447038961040558,0.33902019584398,6.41581133219248,NA,NA,NA,0.0050620915506922,0.0364194850540561,NA,NA,NA
"693",229.3076,0.00700678192906986,1,27.0635245241884,0.0347618666259669,NA,0.007323262259536,0.0152511376451404,NA,NA,NA,NA,NA,0.00331269410860862,NA,0.297599920290984,5.57228043480237,NA,NA,NA,0.00340166234365718,0.0328196650813284,NA,NA,NA
"694",229.5906,0.0090879614997794,1,29.8617357538345,0.026640726321784,NA,NA,0.0169926280639063,NA,NA,NA,NA,NA,0.00228603586337811,NA,0.343361797667188,6.70847297439745,0.00429678808957101,NA,NA,0.00308592007688211,0.0391856854625544,0.00372800759919817,NA,NA
"695",229.8736,NA,1,26.9294717738102,0.0237551247623094,NA,0.00346574976779121,0.0144386233250892,NA,NA,NA,0.00578039827673081,NA,0.00292966077362141,NA,0.271505454557653,5.52901021797353,NA,NA,NA,0.00479448168051823,0.0340544489566022,NA,NA,NA
"696",230.1566,0.00824973339884487,1,25.6886615928926,0.0261750985289281,NA,NA,0.0208484211858186,NA,0.00231240574346072,NA,0.00450849938467661,NA,0.00383297355150577,NA,0.23760887504421,4.66794387426732,NA,NA,0.00239454925250905,0.00357490061809722,0.0274699488963351,NA,NA,0.00182612367959218
